-1.0739178209
-8.735496308
1.2761396509
-9.693999408
-1.1408975409
6.265060508
-1.2581296609
1.0417562209
4.8487238408
-9.016217608
-1.3800770609
1.9810548509
-1.1172206109
-1.0906273309
-2.0625118709
-5.2730691208
1.9780668209
-8.807683808
-7.530747508
9.471918108
1.5643852809
-4.4997196808
-9.39444808
-1.7229169909
-4.8936579208
-1.1303911208
-1.8245296609
1.2544787208
-5.560058908
-1.5382597109
3.5258636808
1.0190532509
1.5430174709
-4.429939208
-3.185254408
1.8154172209
1.3776499209
-4.4113830408
-1.1818545909
-1.5767198709
-1.3100499209
6.341555208
3.1055491208
-9.156140208
-4.9786902408
1.1319969309
1.1026658609
1.9442380809
1.5443349809
1.141191309
-1.8260885809
2.130432909
2.6017401608
-1.6843444509
4.8420012808
1.2463381809
7.899793308
-5.16173608
1.0763950109
-2.0910032609
1.216356109
1.7474529608
-1.2706204209
-1.4433648609
1.5681219208
-9.334740508
1.5666265609
1.7832149809
-5.910315508
2.639008808
1.6804217609
8.805280608
-9.606547808
1.1171458609
7.863073308
2.757979208
-2.0637103409
-4.4429923208
-3.8098681608
1.7512527409
1.5206412809
8.750624608
-1.0803954408
1.3040930609
-7.768708508
2.0445538609
-3689605.0
-8.297931508
-1.0389692209
1.7480163809
4.6798547208
5.475049608
-1.4835764509
2.9276409608
5.727322208
1.4570841609
-1.6611759409
-1.1249965608
-1.1137088808
-1.0992933109
-1.8578170909
1.3915851509
-1.8530832609
-2.0536547208
-1.5865068809
-2.00570408
3.0623731208
-7.082524808
3.8059993608
1.5938123509
3.1568988808
9.628851208
-9.39703108
6.640733408
-9.547225608
4.1992435208
2.0501464309
-1.5481706209
3.6266473608
-4.9996867208
7.917420807
-1.7466538209
-1.7547590408
-6.478917108
8.765529608
1.3058378209
1.3070704609
-1.6039673609
-1.6688387809
7.474202908
-7.593778608
3.074603208
1.1781871409
-1.7970429409
5.648915208
-1.8681836809
-1.4306526709
1.0015777608
6.273838108
-9.358485808
9.530494407
-1.5563252509
-1.3533822709
-1.386983208
9.235525108
1.5173328609
1.2095962909
8.685155207
1.3615306209
-2.0526748209
-1.6857660209
-1.305898509
1.3520922909
-6.124607408
7.146630408
2.8284956808
9.43554508
1.6402974709
1.1915838709
-5.0371862408
-2.797666807
1.8019340809
-5.51940108
-1.190788109
1.150929807
7.6778408
-2.0116473609
-1.9796998408
2.0500162609
1.5070064609
5.1699353608
-1.5780483809
4.4603795208
1.189772809
-2.0722131209
2.1285169608
3.9962028808
1.9780238109
-1.7576139509
-1.6268952309
1.0085107208
-1.8789921309
-7.411663408
1.1461551409
1.8217392609
5.605864407
-1.0739815709
8.89867207
1.688322309
8.666474208
-1.5394268209
-3.5597555208
-8.990516508
1.2243205608
1.8644922909
-1.0318600309
1.9152238109
-1.0383510409
8.957550108
7.12128708
-4.787588808
1.8962821109
1.6162890209
-9.907731808
-4.2517926408
6.208592608
-1.6076497909
3.318224407
2.0269843209
1.5046671409
1.7661108509
-3.75649608
-7.028577308
-8.192419808
-1.947531909
-2.0675535409
1.2519333109
-1.719957608
6.04983308
9.194577308
2.0247450909
-1.5853329909
5.999665908
-1.2027243509
4.7635148808
-6.396223408
1.8596975409
-1.5516945909
-4.0785190408
9.640252808
1.501531909
8.408696308
-2.0731582709
-4.657395208
1.0334588809
2.0759454408
-1.0214048609
-1.0625489909
1.1606636809
-8.263420208
1.7702022409
1.9230067209
-5.0692659208
1.085565709
1.6815733809
-5.2439340808
9.922945908
2.0141468209
-2.0410165809
-1.9328185609
4.2970044808
1.1264757809
-1.180041609
8.28114308
7.291732807
-1.7039699208
1.081991208
1.3761324809
-2.8757891208
-2.218162408
7.03921608
1.375930509
2.1327888609
8.285518708
1.4162987509
1.20220809
-1.4168426209
1.3902558709
-5.1193510408
-4.6693724808
-7.92016708
6.966998408
2.1100935709
5.060627208
-2.5191683208
-1.8711549409
-1.0536674609
-9.782972808
9.843778608
3.0863862408
6.177380508
5.555622408
1.2730908209
-1.2305227509
-1.1465163509
1.0518113909
-1.753658509
-1.0584431409
-7.171560308
-8.403733808
1.99043209
-1.1568007709
-8.336304608
1.3637260809
-2.1454686709
-1.8863307509
-1.2684363509
-6.21336207
-6.548387208
7.702661108
-999.99999
-9999999999999.99999999
