-1.07391782E9
-8.7354963E8
1.27613965E9
-9.6939994E8
-1.14089754E9
6.2650605E8
-1.25812966E9
1.04175622E9
4.84872384E8
-9.0162176E8
-1.38007706E9
1.98105485E9
-1.11722061E9
-1.09062733E9
-2.06251187E9
-5.27306912E8
1.97806682E9
-8.8076838E8
-7.5307475E8
9.4719181E8
1.56438528E9
-4.49971968E8
-9.394448E8
-1.72291699E9
-4.89365792E8
-1.13039112E8
-1.82452966E9
1.25447872E8
-5.5600589E8
-1.53825971E9
3.52586368E8
1.01905325E9
1.54301747E9
-4.4299392E8
-3.1852544E8
1.81541722E9
1.37764992E9
-4.41138304E8
-1.18185459E9
-1.57671987E9
-1.31004992E9
6.3415552E8
3.10554912E8
-9.1561402E8
-4.97869024E8
1.13199693E9
1.10266586E9
1.94423808E9
1.54433498E9
1.1411913E9
-1.82608858E9
2.1304329E9
2.60174016E8
-1.68434445E9
4.84200128E8
1.24633818E9
7.8997933E8
-5.161736E8
1.07639501E9
-2.09100326E9
1.2163561E9
1.74745296E8
-1.27062042E9
-1.44336486E9
1.56812192E8
-9.3347405E8
1.56662656E9
1.78321498E9
-5.9103155E8
2.6390088E8
1.68042176E9
8.8052806E8
-9.6065478E8
1.11714586E9
7.8630733E8
2.7579792E8
-2.06371034E9
-4.44299232E8
-3.80986816E8
1.75125274E9
1.52064128E9
8.7506246E8
-1.08039544E8
1.30409306E9
-7.7687085E8
2.04455386E9
-3689605.0
-8.2979315E8
-1.03896922E9
1.74801638E9
4.67985472E8
5.4750496E8
-1.48357645E9
2.92764096E8
5.7273222E8
1.45708416E9
-1.66117594E9
-1.12499656E8
-1.11370888E8
-1.09929331E9
-1.85781709E9
1.39158515E9
-1.85308326E9
-2.05365472E8
-1.58650688E9
-2.005704E8
3.06237312E8
-7.0825248E8
3.80599936E8
1.59381235E9
3.15689888E8
9.6288512E8
-9.397031E8
6.6407334E8
-9.5472256E8
4.19924352E8
2.05014643E9
-1.54817062E9
3.62664736E8
-4.99968672E8
7.9174208E7
-1.74665382E9
-1.75475904E8
-6.4789171E8
8.7655296E8
1.30583782E9
1.30707046E9
-1.60396736E9
-1.66883878E9
7.4742029E8
-7.5937786E8
3.0746032E8
1.17818714E9
-1.79704294E9
5.6489152E8
-1.86818368E9
-1.43065267E9
1.00157776E8
6.2738381E8
-9.3584858E8
9.5304944E7
-1.55632525E9
-1.35338227E9
-1.3869832E8
9.2355251E8
1.51733286E9
1.20959629E9
8.6851552E7
1.36153062E9
-2.05267482E9
-1.68576602E9
-1.3058985E9
1.35209229E9
-6.1246074E8
7.1466304E8
2.82849568E8
9.435545E8
1.64029747E9
1.19158387E9
-5.03718624E8
-2.7976668E7
1.80193408E9
-5.519401E8
-1.1907881E9
1.1509298E7
7.67784E8
-2.01164736E9
-1.97969984E8
2.05001626E9
1.50700646E9
5.16993536E8
-1.57804838E9
4.46037952E8
1.1897728E9
-2.07221312E9
2.12851696E8
3.99620288E8
1.97802381E9
-1.75761395E9
-1.62689523E9
1.00851072E8
-1.87899213E9
-7.4116634E8
1.14615514E9
1.82173926E9
5.6058644E7
-1.07398157E9
8.898672E7
1.6883223E9
8.6664742E8
-1.53942682E9
-3.55975552E8
-8.9905165E8
1.22432056E8
1.86449229E9
-1.03186003E9
1.91522381E9
-1.03835104E9
8.9575501E8
7.121287E8
-4.7875888E8
1.89628211E9
1.61628902E9
-9.9077318E8
-4.25179264E8
6.2085926E8
-1.60764979E9
3.3182244E7
2.02698432E9
1.50466714E9
1.76611085E9
-3.756496E8
-7.0285773E8
-8.1924198E8
-1.9475319E9
-2.06755354E9
1.25193331E9
-1.7199576E8
6.049833E8
9.1945773E8
2.02474509E9
-1.58533299E9
5.9996659E8
-1.20272435E9
4.76351488E8
-6.3962234E8
1.85969754E9
-1.55169459E9
-4.07851904E8
9.6402528E8
1.5015319E9
8.4086963E8
-2.07315827E9
-4.6573952E8
1.03345888E9
2.07594544E8
-1.02140486E9
-1.06254899E9
1.16066368E9
-8.2634202E8
1.77020224E9
1.92300672E9
-5.06926592E8
1.0855657E9
1.68157338E9
-5.24393408E8
9.9229459E8
2.01414682E9
-2.04101658E9
-1.93281856E9
4.29700448E8
1.12647578E9
-1.1800416E9
8.281143E8
7.2917328E7
-1.70396992E8
1.0819912E8
1.37613248E9
-2.87578912E8
-2.2181624E8
7.039216E8
1.3759305E9
2.13278886E9
8.2855187E8
1.41629875E9
1.202208E9
-1.41684262E9
1.39025587E9
-5.11935104E8
-4.66937248E8
-7.920167E8
6.9669984E8
2.11009357E9
5.0606272E8
-2.51916832E8
-1.87115494E9
-1.05366746E9
-9.7829728E8
9.8437786E8
3.08638624E8
6.1773805E8
5.5556224E8
1.27309082E9
-1.23052275E9
-1.14651635E9
1.05181139E9
-1.7536585E9
-1.05844314E9
-7.1715603E8
-8.4037338E8
1.990432E9
-1.15680077E9
-8.3363046E8
1.36372608E9
-2.14546867E9
-1.88633075E9
-1.26843635E9
-6.213362E7
-6.5483872E8
7.7026611E8
-3.20765664E8
-5.3665272E7
4.26976992E8
1.59759104E9
-2.29711296E8
-1.69532467E9
-1.16729229E9
1.64468864E9
6.2778374E8
2.9359504E8
-1.7719689E9
8.7084902E8
3.55962688E8
1.10191808E9
1.94009296E8
1.37697062E9
-7.6930584E7
6.1807059E8
-1.93849702E9
8.520455E8
8.8789728E8
-1.03983866E9
-1.6144864E9
-4.99616544E8
2.02778214E9
1.37217024E9
1.39025254E9
1.94393088E9
-2.14471309E9
1.85029338E9
8.0476435E8
1.58044813E9
-1.13487334E9
-1.278528E9
-9.668119E8
7.9003904E8
-2.3277016E8
1.06216264E8
-2.06735667E9
1.02477882E9
-6.1280205E8
-1.61623296E8
-1.55248976E8
1.23844365E9
-2.26188E8
4.1264816E8
-1.26141389E9
1.16409856E9
-9.2071078E8
-4.2946544E8
1.95586701E9
7.8760058E8
-1.22544384E9
7.5838547E8
2.05021594E9
6.280688E8
-1.88652237E9
-1.38102387E9
8.1621702E8
6.8965754E8
-1.60120294E9
1.07632896E9
1.08213363E9
1.96262976E9
-1.77476864E9
1.14461082E9
5.4014957E8
7.331719E8
2.09653248E9
-4.20979808E8
-1.29875571E9
-5.6221869E8
-6.0940627E8
-1.37002022E9
5.9923104E8
3.47451232E8
-2.04333581E9
-5.2219808E7
1.04453274E9
-5.4222605E8
7.1610824E7
-7.7741344E8
3836134.0
-1.58474848E8
9.5957638E8
-6.4253011E8
9.6503194E8
7.0777235E8
-5.668487E8
1.08295464E8
-1.7941879E9
-4.28848032E8
-1.63340429E9
-4.8454944E8
3.33337088E8
7.7845875E8
-2.07480307E9
2.33790512E8
-6.2758266E8
5.5248685E8
1.85789734E9
-1.0053431E9
1.14152998E9
-1.00839898E9
-1.73397914E9
-1.04863443E9
-1.60045773E9
3.3122688E8
-1.94668954E9
-1.32057178E9
1.8958953E9
8.7249517E8
6.7858374E8
-1.57702208E9
1.96346189E9
1.5833399E7
-1.37994112E9
-3.48971008E8
-1.42286003E9
6.109175E8
-1.41529664E9
1.77100339E9
-1.7725367E9
2.09851123E9
-1.20985421E9
4.76058624E8
1.76549722E9
1.44424E7
9.6418752E8
-4.45473664E8
1.45832026E9
-1.7897288E7
6.7108781E8
1.25102067E9
1.63918746E9
-1.94087962E9
2.09518259E9
-1.45797082E9
-5.2067264E8
3.50237632E8
9.1227898E8
-8.0483949E8
1.23547686E9
8.5916205E8
7.2433363E8
-1.63894106E9
-5.8750426E8
-1.72666611E9
-1.00734643E9
9.7063392E8
-1.70691632E8
-1.85205709E9
-1.07914688E9
3.03776064E8
3.83205856E8
1.79587136E9
-2.114972E8
-1.44489872E8
1.52864883E9
1.63372979E9
1.27582728E8
-1.59591475E9
-5.3937165E8
-9.0406893E8
1.4656873E9
2.11352333E9
1.88398746E9
-1.38006477E9
-1.72253107E9
1.33816986E9
-1.77037888E9
1.78002342E9
-1.91323552E8
-4.76043584E8
3.7774304E7
-1.16085491E9
-1.4308905E9
8.7922656E8
1.85518669E9
-1.07278912E9
-2.29390272E8
-9.4959968E7
5.6102003E8
-1.99788186E9
-6.3306182E8
1.19974195E9
1.33036301E9
-7.5752858E8
-1.20679347E9
-1.52377792E9
-3.03441888E8
1.02211846E9
1.732112E9
1.64149286E9
1.57687283E9
2.70217536E8
1.67702067E9
2.00174362E9
7.6232538E8
-4231663.0
8.3032144E7
-2.91628384E8
-1.74771008E9
1.13501261E9
-1.16129664E8
-1.39796006E9
1.16474662E9
4.16387904E8
-3.03796384E8
-1.85489382E9
-1.37654874E9
-7.2905491E8
1.6354391E9
8.5371123E8
-3.90829056E8
5.408448E8
4.61891648E8
-6.516169E8
8.4388019E8
-6.6662035E8
1.6748521E9
-9.2937754E8
1.242476E8
6.5060589E8
-1.88340531E9
4.76179488E8
9.2682768E7
1.6400343E9
-1.19374696E8
8.1431149E8
1.43314368E9
-1.69308595E9
1.8336352E9
-9.4824493E8
-5.2683568E8
-1.35451904E9
2.0983388E7
3.46203968E8
1.72031872E8
-2.06987648E9
8.8802246E8
-1.219376E9
-9.5624218E8
2.13566694E9
9.4113222E8
2.10238579E9
1.3960864E9
1.71669658E9
-5.898567E8
-1.22331686E9
6.8189722E8
-5.02699616E8
1.67418342E9
-1.34763354E9
1.32971008E9
-1.14266893E9
-1.60004941E9
-6.2280717E8
2.09470682E9
1.37707661E9
8.3288736E8
-5.8565254E8
1.37497933E9
-1.90783565E9
1.47757466E9
1.00673606E9
7.0698643E8
-1.1346679E9
-5.6677216E8
1.30224077E9
-1.7221335E9
2.15165264E8
-6.1656838E8
-1.89382733E9
-1.60161741E9
1.68785011E9
-9.4184992E8
-1.77712589E9
-1.73256166E9
1.91071693E9
2.06173133E9
6.6455834E8
-1.49795917E9
1.08371622E9
1.29963725E9
-1.03861376E8
2.02213261E9
-1.1539401E9
-6.0511834E8
1.05614758E9
-6.3446728E7
2.05134656E9
-4.0951088E8
1.33300467E9
1.91135885E9
-4.15005696E8
-1.78311526E9
-1.04251533E9
-1.65317837E9
1.16321754E9
1.04779117E9
-1.6243008E9
9.874841E8
2.0481056E9
-9.0091162E8
2.021536E9
6.7754336E8
4.49403552E8
4.59904E8
9.4457018E8
-8.479449E8
9.5650808E7
-1.86646592E9
4.36763456E8
4.5075984E8
-1.1777911E9
2.02940877E9
7.2385152E8
1.94927667E9
1.39399488E9
1.90392243E9
-1.08396326E9
-4.30652896E8
4.4335416E7
-1.60424051E9
-3.41269408E8
7.0732026E8
-1.84677082E9
1.69404237E9
8.7046842E8
5.05284896E8
-5.7565254E8
9.4785555E8
1.61258483E9
2.25512224E8
-1.49387686E9
-1.11762394E9
-7.0312448E8
1.48564442E9
-4.41895072E8
1.69920742E9
-9.5921619E8
-6.830729E8
1.23640166E9
6.0335264E8
3.7372192E8
-1.26139072E9
2.04104973E9
-1.67473741E9
-1.39553754E9
2.11499312E8
5.9626029E8
1.53089997E9
5.8822355E8
1.51020672E9
8.1589805E8
-1.6541312E9
-1.49563008E9
-5.5068544E8
-1.95032269E9
-9.4891654E8
4185970.0
-1.37447398E9
1.7004119E9
3.79972672E8
-1.65709005E9
-2.04157722E9
-8.5876045E8
-6.9683853E8
3.85377536E8
1.96859379E9
-1.22440448E9
-8.080135E8
1.1112969E9
7.3907174E8
4.20488832E8
1.10047347E9
1.23405901E9
-2.0466519E9
-4.01768832E8
-4.1959184E8
-1.17000922E9
1.77983232E9
1.97441626E9
-8.9504173E8
-1.19424691E9
1.02063322E9
2.04275686E9
-1.94187763E9
-1.8148503E9
-1.2088E9
-3.28462112E8
-2.02726989E9
-1.28121114E9
1.78866944E9
-1.05934867E9
-4.7539536E8
-3.16402592E8
4.4007872E8
1.16783834E9
6.7089508E7
-1.1238423E9
7.5102632E7
-1.99512688E8
7.7586419E8
1.99869936E8
-6.5760218E8
1.70056474E9
-1.94098394E9
8.0612538E8
2.06401882E9
-4.7855984E8
5.4454464E8
-1.14955213E9
5866193.5
6.7197658E8
-1.4951049E9
-8.6535155E8
1.05236026E9
-1.68427034E9
1.47883738E9
2.08960474E9
-1.063166E8
1.13077504E9
1.83212493E9
1.63373018E9
-1.57375808E9
9.1567706E8
9.4711878E8
-2.5046984E8
-1.88724019E9
1.12033894E9
-1.21216883E9
-5.31172928E8
-4.5846396E7
-2.14580378E9
2.41429392E8
-1.66863152E8
1.37659341E9
7.8203219E8
9.9730317E8
1.53599373E9
-1.37676672E9
-5.24429248E8
1.1578071E9
-1.94019661E9
1.69542976E9
-8.0617562E8
-1.67374144E9
-6.6350714E8
1.45344422E9
9.532279E8
-1.67142003E9
1.46286176E8
1.8197879E9
-8.9692877E8
6.9103379E8
1.7557591E9
-2.09107546E9
-2.52395312E8
-8.930841E8
4.4083656E7
2.03062976E9
-1.16127832E8
1.85570547E9
-1.3469143E9
-1.31354829E9
-1.95327744E9
-1.41194842E9
5.4915578E8
-1.92892173E9
-1.87224589E9
1.85833424E8
-6.8535693E8
-1.85027981E9
1.87440819E9
6.316857E8
8.2073453E8
-1.89069594E9
-1.88246797E9
1.01352762E9
-1.80806032E8
9.4181498E8
2.06406746E9
9.3562528E8
-2.46784832E8
1.22880026E9
-3.07222016E8
1.77683904E9
3.79451744E8
-4.59708384E8
6.3293798E8
1.02184851E9
-1.9025879E9
1.51417446E9
-1.0495305E9
-1.98945126E9
1.84520717E9
-2.58020144E8
-1.4596777E9
1.13728243E9
6.0270758E8
-5.04249152E8
1.67766618E9
-1.65937754E9
-1.4785152E9
1.98960269E9
-1.52544307E9
-2.01082586E9
1.99073728E9
2568566.5
5.787769E8
-1.34481702E9
7.8772096E7
1.10887053E9
9.7118995E8
-2.12879616E9
-1.0566192E9
8.1114694E8
-1.48832358E9
-1.49541056E9
-1.51674803E9
-1.52279834E9
1.64660147E9
-1.36896576E9
-1.66545485E9
-1.9808336E8
-1.36181133E9
-1.54466752E8
1.81948608E9
-5.23432352E8
-1.50687526E9
1.24126144E9
1.09923464E8
9.2699539E8
-1.4405968E8
-8.8478784E8
-3.62858464E8
-4.11865792E8
-3.86459168E8
1.21162842E9
4.6759816E7
1.41111181E9
-1.68140493E9
2.01366566E9
4.59526016E8
1.71569587E9
6.5450042E8
-1.66729088E9
-1.57695194E9
-1.45308723E9
8.3850611E8
4.50675808E8
4.232112E8
6.5955398E8
2.08401843E9
-1.91723674E9
7.6139968E7
9.9787309E8
4.20656096E8
7.7059309E8
-2.10845824E9
3.54566336E8
-1.42955494E9
-2.1749554E7
-2.10517619E9
-1.69449696E8
1.50246298E9
1.78347264E9
2.2766672E8
1.61434534E9
-1.4295913E9
-1.04818048E8
1.30113318E9
-1.11315942E9
1.56950195E9
-1.02641357E9
-1.50484186E9
-1.98067494E9
2.13010611E9
1.91862451E9
-1.20421606E9
-1.4098089E9
-1.89259955E9
1.8715657E9
2.00714061E9
1.65225267E9
-1.46095731E9
7.2080051E8
-8.2089088E8
2.00184474E9
-1.66535821E9
-9.320204E7
-2.1285769E9
1.50550426E9
4.66240416E8
-4.41730592E8
3.65120896E8
1.18421082E9
-1.15277709E9
-3.4285936E7
-1.4372128E9
-5.8306445E8
2.04534822E9
-1.94652032E9
1.76414528E8
-3.90405248E8
-1.0361561E9
-8.2550554E8
-8.4178822E8
-5.4359994E8
-1.08655744E9
-9.7812819E8
-1.99541261E9
-1.3178921E9
1.65696077E9
-1.71073946E9
-5.436032E8
2.66340304E8
9.3000173E8
-1.95389056E9
1.16964186E9
1.59958448E8
2.67856096E8
-1.72508928E9
6.3902765E8
-1.17302157E9
-1.00774118E9
-1.64387635E9
1.61509568E9
4.02948512E8
1.7039817E9
-5.6950822E8
2.01565197E9
-1.01221939E9
5.6773228E7
1.84003264E9
2.11113728E9
-9.5158477E8
-6.4278696E7
-5.28036672E8
-1.78436902E9
-1.182736E9
-5.16428032E8
-3.0590752E8
-2.7045872E8
-8.103209E8
-1.55150093E9
1.75135322E9
-7.2051264E7
1.86214336E9
1.90185549E9
-1.8650996E7
7.714615E8
1.60307392E9
-3.29926592E8
-1.50961728E9
1.44025392E8
1.0762327E9
-1.05286272E9
-1.69076147E9
1.3275433E9
1.84850573E9
-9.9817888E8
1.28501594E9
-5.5810067E8
-1.56344576E9
1.95741837E9
-1.30258496E9
1.04963648E9
-9.6087437E8
-1.44479066E9
1.22349786E9
9.6746893E8
1.4321568E9
-1.70823872E9
-1.36093018E9
5.2873168E8
1.55824218E9
-1.59534413E9
1.07859443E9
1.38447117E9
5.9701133E8
5.36203424E8
-1.98619744E8
-1.30371994E9
-1.93919693E9
-1.38068646E9
1.52233638E9
9.2870224E7
-3.26602592E8
-1.21661171E9
1.05798189E9
-1.80224115E9
2.05650547E9
1.25907504E8
-5.3711948E7
-1.53022886E9
1.31826022E9
-1.01699392E9
-1.19973478E9
-4.37219552E8
-2.93766624E8
-1.61868723E9
-5.763468E7
1.20681766E9
5.5287923E8
5.4103686E8
-1.25814349E9
8.195911E8
-1.6750496E9
-5.777785E8
-1.9035296E9
-2.05477296E8
-1.40029094E9
9.122455E8
-1.86364915E9
2.0093577E9
1.97968288E8
-1.50878067E9
-1.63094835E9
-1.47929242E9
1.73805581E9
-9.4566458E8
-7.2907373E8
-3.18243616E8
-4.1899488E7
-6.9883398E8
-1.95955187E9
9.9974182E8
-7.583184E8
1.50985536E9
-7.9434874E8
7.3264806E8
1.73637402E9
1.69689203E9
1.00644403E9
-1.4214728E8
-1.38344224E8
-1.9501504E8
7.9181254E8
-1.10152371E9
-2.0951752E8
1.05565843E9
1.7391913E9
4.04888E7
-2.0556544E8
5.5108102E8
-1.99947264E9
1.62771725E9
7.7196813E8
-9.6618061E8
1.74711219E9
2.30238736E8
-3.42397696E8
-8.662263E8
-3.37728544E8
-1.3234071E9
1.88391002E9
-1.68966502E9
1.72311142E9
6.655225E8
-1.07932442E9
-1.44990477E9
1.70730573E9
-2.81561184E8
-3.24056096E8
-3.67219328E8
-8.5493818E8
1.01496883E9
-6.4466381E8
8.2759514E8
2.01741888E8
2.10735472E8
7.1220595E8
2.99336224E8
-6.465575E8
-1.67796531E9
1.99678477E9
9.556016E8
-1.23583757E9
2.11294106E9
-1.39245056E9
-5.9477472E8
-3.17388896E8
-8.8451866E8
-4.06038784E8
1.53570995E9
-1.75546624E9
8.8466374E8
2.02288781E9
-5.00428896E8
-1.43182285E9
1.08957456E8
1.32651686E9
5.4575475E8
6.4186682E8
-1.37406438E9
-1.53482163E9
-3.11681792E8
1.16072051E9
4.153904E8
-1.7079753E9
-5.426832E8
1.46054643E9
1.06907571E9
8.3542598E8
1.68073062E9
1.83866394E9
-1.66790605E9
-1.98091482E9
-5.5621197E8
-1.94183152E8
-1.46814912E9
-3.62873888E8
-9.7322118E8
6.5562502E8
1.2373888E9
-5.9300198E8
2.118616E8
1.58297248E8
1.93023514E9
6.1314963E8
1.28385894E9
1.77697229E9
-1.32331136E9
-4.86718624E8
1.05490384E8
-1.3708169E9
-4.16635712E8
-4.78418592E8
-1.6934999E9
-4.56090912E8
-1.44248704E9
1.67753264E8
-8.2777632E8
9.2727366E8
5.07321088E8
-1.94174112E8
8.6239872E8
1.56258368E9
-1.07163245E9
8.1747117E8
-1.21736666E9
-1.18725184E9
1.3168032E9
1.44909402E9
3.99134432E8
6.4674675E8
6.0449709E8
-2.5351208E8
-2.07592998E9
3.27166912E8
-2.01992294E9
1.8827017E9
-1.70028979E9
-3.53543168E8
-6.9287616E7
1.55872384E9
-1.13967872E9
8.5456045E8
-3.54030016E8
1.46986624E9
-5.645232E8
-2.08726272E9
1.95775219E9
3.95843936E8
1.91926067E9
2.43583344E8
-5.32626592E8
-1.32464666E9
-2.6521104E8
-1.81688384E8
-1.60251098E9
3.38921632E8
-1.88453005E9
-2.38245792E8
-3.96066528E8
2.14633229E9
-1.15111066E9
-1.21278669E9
396237.4
-1.07948442E9
-9.9546086E8
9.9848776E7
1.95090957E9
-1.81748096E9
1.2375369E9
1.42253453E9
-1.82936115E9
-8.3624832E8
-4.9335872E8
-1.36963354E9
-1.73327258E9
4.86018816E8
-3.80492864E8
2.30559216E8
1.80848384E9
1.78611955E9
1.18486029E9
9.7250938E8
-1.94320755E9
1.55910157E9
-6.8720621E8
-1.40370586E9
2.79470912E8
2.44619392E8
1.6899232E9
-1.63178522E9
-1.65918144E9
1.30263552E9
7952773.0
-6.6439706E8
1.69609997E9
-5.4240486E8
1.12621747E9
1.89730086E9
-1.26833139E9
-1.70596544E9
1.19177126E9
1.29732736E9
1.94971277E9
2.2096808E7
-4.56270176E8
2.19053344E8
-1.99416614E9
9.9290445E8
1.8963913E9
3.08810784E8
9.0403309E8
-1.58098384E8
9.1924941E8
-2.09129968E8
1.61441523E9
-1.88416768E9
-1.6466665E9
1.768288E9
1.42507955E9
-7.8183392E8
2.8933424E8
-1.30957645E9
-1.83294374E9
-5.404713E8
-1.54634086E9
2.12858419E9
2.59566672E8
-1.55477837E9
1.11571046E9
1.19230643E9
4.81865024E8
-1.0206937E9
9.3530035E8
1.36849232E8
-2.05216883E9
1.55361856E9
1.73814733E9
-6.0406784E8
6.2646739E8
2.00194272E8
5.19325184E8
-4.87654112E8
7.8788563E8
1.51823328E8
-1.96258048E9
-7.3228838E8
-9.2320902E8
2.01406925E9
-1.58545872E8
2.06103168E9
-1.20663974E9
6.1051546E8
5.2958032E8
-1.38781504E9
1.81962266E9
-1.68905267E9
1.26148928E9
8.3307091E8
1.08469248E9
-1.84792256E9
-2.2366312E8
-5.5621018E8
-2.00490893E9
7.0559366E8
-6.9841824E8
1.1872192E9
-9.1703693E8
-1.65696768E9
5.12825248E8
-1.36701536E8
7.2429472E8
1.75702976E8
-1.21979763E9
-1.01981754E9
-1.48675674E9
1.30446298E9
-6.3627846E8
2.01653133E9
1.69226266E9
1.50235622E9
1.72261939E9
-1.08322893E9
-4.3073444E7
1.02950035E9
1.0895607E9
-2.10923456E9
1.96585152E9
-5.716999E8
-1.66365712E8
-2.62798752E8
-1.93221606E9
4.26669984E8
-7.2112192E8
1.47865331E9
-7.4628192E8
9.7235123E8
-4.58598656E8
-9.1323622E8
-1.38017267E9
-3.38253952E8
-2.05205709E9
-1.12085338E9
5.13047808E8
-1.94398528E9
1.95230413E9
-1.42608819E9
-5.4062522E8
1.30785728E9
-2.14184192E9
-1.04130298E9
-1.7987104E9
3.24824E8
-2.0151528E8
2.14348429E9
8.0779309E8
-1.32385702E9
-3.72789152E8
8.5291366E8
-1.43840448E8
-6.2156966E8
-4.74931424E8
-3.11984704E8
-1.52166144E9
-9.5212544E7
-4.37527424E8
-5.31381536E8
-1.5915209E9
1.74786086E9
8.5208275E8
-1.30876621E9
-7.2962048E7
-9.0925562E8
1466385.2
9.6743181E8
6.6901382E8
-5.06447584E8
3.84763936E8
4.0628768E8
1.10660672E9
-4.03392512E8
4.66168064E8
1.09018829E9
4.29187616E8
8.0569312E8
6.3866835E8
2.02745024E9
1.33071104E9
2.10039565E9
-1.83121011E9
-1.2934368E9
1.10942656E9
5.6182842E8
1.84043341E9
-1.72700979E9
-1.61262925E9
-3.51907392E8
1.88104736E8
1.48413018E9
1.88447309E9
-1.19675264E9
9.9643738E8
1.43510669E9
-5.23852096E8
1.47121997E9
-6.0819974E8
-5.671449E8
-5.5330778E8
1.65300083E9
7.308649E8
1.91761037E9
1.45704371E9
1.06902714E9
-1.92975974E9
9.3502522E8
1.05014291E9
-3.0326116E7
-5.8863514E8
-1.75003904E9
1.46194829E9
-1.42587763E9
5.28990144E8
-1.95978944E9
-6.3155238E8
1.26387379E9
1.47875648E9
2.09794778E9
9.950777E8
-1.78269936E8
1.20223846E9
-6.013751E8
2.09192166E9
-1.95896486E9
-7.2596461E8
3.116616E7
-1.75547981E9
1.95625344E9
-1.17035533E9
8.4209818E8
-2.08186406E9
-5.5582682E8
8.3470712E7
2.12222477E9
-1.11235304E8
-1.46798554E9
-5.0078608E7
-1.02314547E9
2.88806688E8
8.4574662E8
2.08969434E9
-4.38655584E8
6.5583411E8
1.92922464E8
-3.85613856E8
-1.12679526E9
1.51255014E9
1.42632832E9
3.7349136E8
1.76921011E9
-1.59904678E9
2.13136848E8
8.6311098E8
-1.4502688E9
-3.26585824E8
8.3618726E8
1.99228211E9
8.3571104E8
7.1983597E8
9.1540346E8
-5.6287142E8
1.29711568E8
5.9855795E8
-4.1063672E7
-3.4564496E8
1.69778048E9
1.18091315E9
1.25639912E8
1.75371763E9
-1.5680704E9
6.2773875E8
-1.84786675E9
-3.08009248E8
6.5475296E8
-9.8841453E8
-1.94441229E9
-2.9262176E8
1.71384358E9
2.08557773E9
5.16761216E8
-2.0743127E9
1.92180262E9
5.6820877E8
1.55967078E9
9.6710592E8
-3.64264128E8
-8.7429126E8
-8.0818534E8
-1.77495526E9
-1.28253504E9
-6.4124384E8
1.00511693E9
-5.4862317E8
-1.32954675E9
7.2078528E8
1.503871E7
1.5370405E7
-9.3526278E8
-9.1263917E8
7.9571846E8
7.9952256E8
5.7573779E8
1.73295526E9
6.3948589E8
-2.17270368E8
-1.48326067E9
2.1078976E9
-1.53263181E9
-1.43129562E9
-1.47188045E9
-7.1896224E8
-1.76667738E9
-1.76752077E9
