6.1018854E8
1.46232371E9
-4.52293984E8
-2.72132256E8
1.75691149E9
1.02838056E8
-3.56821504E8
-5.14946496E8
1.97446106E9
-1.09296115E9
5.8210445E8
6.4706246E8
-1.70440512E8
1.69864166E9
-7.3529318E8
7.2182272E8
1.44518886E9
1.7400704E9
6.1179686E8
-1.59561306E9
-1.80743846E9
-1.88658317E9
-1.69820762E9
-3.2224992E8
-8.5104518E8
3.5741872E8
4.56453088E8
9.46168E8
-1.99429696E9
-5.1878616E7
-1.23038554E9
1.95187213E9
-1.68883635E9
-7.6087347E8
-1.91259008E9
1.63398758E9
5.31199904E8
-1.63190656E9
-8.0246285E8
6.2283878E8
-7.9003667E8
1.3815128E8
2.08483123E9
-4.01684E8
-2.9559856E8
-1.66071347E9
-1.69543565E9
1.2056919E9
-1.74963533E9
1.90953574E9
-1.92599501E9
-5.23164896E8
-1.61069888E8
1.74177306E9
1.93269274E9
6.2374536E7
2.08975821E9
1.78037568E9
-1.96569152E9
-1.70977306E9
-1.17556646E9
-1.44495808E9
1.56919987E9
-6.9139488E8
-6.9419507E8
-1.05850232E8
7.5777766E8
1.18626317E9
9.2806675E8
-7.3457126E8
-2.01814912E8
5.5342944E8
2.08863053E9
-1.25015066E9
-2.01028595E9
-3.75486304E8
1.31109888E9
1.30879642E9
-1.12279808E9
-1.10386352E8
-7.4347616E8
-1.05834643E9
1.16952102E9
-9.9417702E8
1.95096563E9
-8.2225606E8
1.68234086E9
-1.81459699E9
1.80493235E9
9.1381363E8
8.4670688E8
7.724425E8
-9.2471482E8
2.37642768E8
1.28842381E9
-2.54372816E8
-1.05753843E9
-7.8683866E8
-1.95175693E9
9.2619526E8
-2.08576794E9
-1.17912845E9
4.7446104E7
1.89189581E9
2.07396109E9
-2.67515312E8
-3.84946592E8
9.2597488E7
1.99971546E9
-1.60633997E9
5.5034406E8
6.4828614E8
1.94055168E9
-1.715308E8
-1.78915072E9
2.8138928E8
-5.940681E8
2.48442512E8
1.49187366E9
1.97087322E9
2.78937216E8
-1.84471296E9
-1.52064435E9
-1.05162144E9
-3.97216288E8
-1.43802662E9
1.96824051E9
-1.74880512E9
5.4247891E8
-1.09735526E9
6.0697523E8
2.45497824E8
-1.22737011E9
1.98397555E9
1.2660864E9
7.7411296E8
4.06295008E8
3.47450208E8
9.6338477E8
-7.8912928E8
-1.17958872E8
1.3123241E9
-7.7563718E8
-6.8159418E8
-8.1216666E8
-1.44791949E9
1.14637312E9
1.91162048E9
1.74041562E9
-7.7417114E8
-1.0670727E9
5.5734317E8
6.3654355E8
-8.19744E8
-2.06260902E9
-1.99263322E9
1.87535859E9
-1.47999654E9
1.75828762E9
-6.9034573E8
-1.2688832E9
-3.46923872E8
3.30451488E8
-1.14770176E9
-1.26531763E9
9.8772064E7
-1.18247206E9
-8.2496134E8
-1.64986035E9
4.91961152E8
-1.83359744E9
-4.70565408E8
6.97012E7
-1.58960858E9
-1.23888346E9
-5.3953133E8
-8.6121754E8
-2.02043994E9
1.0882807E9
6.5970432E8
3.35271616E8
-2.09347674E9
9.5451424E7
-1.86705152E9
1.96195034E9
-3.53884544E8
-8.5761485E8
3.6365472E8
-3.97890848E8
-1.00400998E9
-1.68701069E9
1.83510822E9
1.97682176E9
-1.2847287E9
-1.82398182E9
1.66339891E9
3.84328928E8
-6.7287373E8
-3.7870416E8
-1.47960512E9
1.41691661E9
-1.21357555E9
-1.11966758E9
3.7117344E8
7.9638451E8
-3.52716064E8
2.09425344E9
-7.8657178E8
-5.8187962E8
-1.31001574E9
2.27154896E8
1.07575552E9
1.92090253E9
-8.8661222E8
1.60895539E9
7.2834176E7
5.7712992E8
-3.5777248E8
1.08248616E8
2.02164851E9
-1.44792973E9
-1.21424616E8
5.12669632E8
-7.7864595E8
1.99705626E9
-1.56774426E9
2.06067584E9
1.50028352E9
1.67188544E9
-9.0723258E8
-7.1629306E8
-1.78592614E9
1.05590701E9
-1.99328218E9
-1.99056934E9
8.1560883E8
2.26378128E8
-7.18052E7
1.14833357E9
-1.36566554E9
-5.01233632E8
-1.69272864E8
2.02162752E9
-2.88840352E8
1.70133888E9
-1.46383757E9
2.07421504E9
7.7108576E8
-7.3115024E7
-1.50616576E9
-4.16227488E8
5.6776544E8
-1.99601434E9
1.60636058E9
1.41252006E9
9.5054515E8
-4.47649568E8
2.10433651E9
1.28853798E9
1.86589094E9
1.92985613E9
2887098.0
-1.69730573E9
1.22875238E9
3.85389024E8
5.34025472E8
-7.8549344E8
-1.79676326E9
3.27089984E8
3.67768288E8
2.07398938E9
-3.94334272E8
1.8082167E9
1.2655991E9
4.65286368E8
1.89749312E9
1.32381658E9
-1.46652096E9
2.10324992E9
1.08444621E9
1.15332979E9
2.13210496E9
-6.9070458E8
-2.43487504E8
3.98581088E8
-7.0556218E8
4.66250624E8
5.9864653E8
-1.41825203E9
-6.6514131E8
1.2588288E9
3.452648E8
-2.02659021E9
4.45116928E8
-6.3529069E8
-1.15757402E9
2.12105248E8
2.6468096E8
-1.5453961E9
1.48770163E9
1.36310694E9
-5.6132358E8
2.04726438E9
4.57838144E8
-5.7007219E8
5.7238086E8
6.4309037E8
2.23058592E8
8.2689331E8
-1.20090829E9
-5.8997869E8
1.70072819E9
-2.01788352E9
-2.06683776E9
-5.5495699E8
-4.6628552E7
-1.98786432E8
-6.4083008E8
-1.37504208E8
-2.40648224E8
8.9189946E8
-1.16129254E9
3.42815296E8
-7.9793139E8
-1.79719002E9
1.1872384E9
7.660871E8
1.09285747E9
-9.7384915E8
-1.10269517E9
4.2880448E8
1.45374694E9
2.04417549E9
-8.9775027E8
1.38499123E9
3.39276736E8
-2.08172576E8
-7.7862856E7
-2.89668224E8
-1.54110054E9
1.07432435E9
3.99550848E8
-1.72079565E9
3.49208928E8
-4.57274752E8
-2.04218291E9
-2.0914409E9
-1.94318912E9
-1.4329792E9
6.591577E8
-1.40370253E9
-1.60368944E8
-7.476791E8
-8.0811309E8
1.27147456E9
-1.92618752E9
1.02070643E9
-1.34772851E9
9.9126042E8
-8.6669517E8
5.28831776E8
1.50008077E9
1.3461577E9
-1.2673239E9
-1.11534746E9
-1.99612582E9
1.58408602E9
-1.69833587E9
5.9009261E8
-7.8200922E8
-8.3889338E8
1.47739674E9
1.64231283E9
-4.39003328E8
1.20078054E9
-7.045424E8
1.66592486E9
-1.87932544E9
6.3678896E7
-9.5309101E8
-1.47852045E9
-1.86554611E9
-6.9195181E8
-1.76586726E9
1.10907059E9
-1.54609139E9
-9.481657E8
9.780448E8
-1.58686816E8
-9.188023E8
-5.8456365E8
-9.2403264E8
7.7620544E8
2.0955881E9
3.0076432E8
1.56849242E9
-1.93187056E8
-3.49557696E8
2.2175876E7
2.13275162E9
1.7000553E9
-8.8432294E8
-1.00583123E9
-9.1926362E8
6.0258586E8
-8.7763827E8
1.99780058E9
-5.01722656E8
-9.998009E8
1.46498266E9
-2.04114445E9
-1.64160192E9
-1.13137229E9
-1.7933943E9
-2.739052E7
-3.841432E8
-8.3501658E8
1.8608009E9
-9.009193E8
1.12228659E9
-3.40910752E8
-1.03774232E8
-4.25812288E8
6.2161338E8
3.5460672E7
6.5380312E7
-1.55017574E9
-2.22831376E8
-1.69907738E9
-9.3736371E8
6.4691392E8
1.83957594E9
-6.1285478E8
-1.10650765E9
1.69345574E9
1.72130701E9
-1.65122086E9
1.14775974E9
-2.25325472E8
7.5611232E8
1.43991859E9
3.16523424E8
-1.42826624E9
1.65012326E9
-1.32053389E9
8.4236934E8
-1.64410982E9
1.5409097E9
-1.65187149E9
-3.28549664E8
-9.8756192E8
1.49976896E9
7.9764432E7
5.4162515E8
-3.242772E7
-6.7714544E7
-1.44805261E9
-2.0178153E9
1.02703302E9
-1.34908877E9
4.83873024E8
1.58913344E9
-1.482084E8
1.23879072E8
-6.7490771E8
-9.0943616E7
-1.89400218E9
1.41248947E9
-9.7631974E8
2.541363E7
1.47373043E9
1.40047027E9
1.17816448E9
1.06841114E9
1.2824136E8
-1.78094733E9
1.81305664E9
1.96818714E9
-1.49853069E9
-5.35500864E8
-1.76324275E9
-1.08086157E9
5.6681562E8
4.0400992E8
-1.49919885E9
1.99993984E9
3.16068576E8
1.7146967E9
-1.5082352E8
1.97077904E8
-1.43099149E9
-1.0092176E9
-1.7032112E8
-1.27919219E9
1.22553984E9
-1.08200102E9
-9.7073619E8
-3.8949888E8
1.78920512E9
1.71124659E9
-1.19008858E9
-3.24556704E8
-1.99234138E9
-3.16155872E8
-9.4126704E7
-7.4500102E8
2.48057808E8
1.87547482E9
6.479968E8
1.2030423E9
-8.0091832E7
4.30749248E8
1.8077047E9
-4.53392832E8
-1.76687206E9
-1.55706752E8
-1.59109235E9
1.42603136E9
-3.53993024E8
-2.8787008E8
-2.06053069E9
1.44421683E9
-1.77829299E9
-1.57039027E9
5.03571584E8
1.83665869E9
1.19306022E9
-3.6709336E7
1.98216269E9
-2.75592288E8
8.3102797E8
-1.33909043E9
1.88624141E9
1.17942118E9
2.01467046E9
-9.9038419E8
-4.79464448E8
1.5516585E9
-5.9075898E8
-1.78189376E9
9.0129638E8
-1.22694472E8
1.69300787E9
3.3917936E8
1.11611763E9
-1.32348429E9
-2.08561754E9
3.54823264E8
-8.2771859E8
1.22630554E9
1.23688243E9
7.667664E8
2.13234829E9
1.9703488E9
-9.9869768E7
-9.8720256E8
1.25285683E9
-1.41000474E9
-7.6502202E8
1.03723352E8
1.17406131E9
7.0320333E8
1.08916838E9
7.4099149E8
1.77250112E9
1.63388531E9
-9.4000045E8
1.97155686E9
1.44160678E9
-1.93633114E9
1.87949363E9
-1.97490842E9
-5.12174336E8
7.4992392E7
-2.12930803E9
-5.022502E7
-2.11143014E9
-6.0503155E8
-6.7446086E8
1.52491136E9
-4.60161376E8
3.70866592E8
8.082281E8
1.10647592E8
-1.49106253E9
-2.03024176E8
1.05318579E9
1.70968691E9
2.13156352E9
1.58608717E9
4.73561216E8
6.2200851E8
-1.36923686E9
1.75937101E9
-2.1193264E8
-2.22801408E8
-1.06993696E9
2.08032678E9
-8.851776E8
-3.54622624E8
-4.997552E8
-1.27915213E9
-9.1831552E8
1.33988186E9
-8.2780038E8
-1.74302106E9
6.6773594E8
1.64459187E9
1.0475056E9
4.25794208E8
-797967.6
1.80774221E9
-1.84956784E8
1.50855184E8
-1.25175974E9
2.27067408E8
5.33710912E8
9.1736339E8
2.11641357E9
-1.40711706E9
1.84662925E9
-1.77476403E9
-1.1241088E8
-1.59399795E9
-1.34853235E9
4.402126E7
-1.00466534E9
-1.96166131E9
9.3079264E8
8.8933018E8
1.48152294E9
1.22947904E9
-1.3843721E9
-1.51354432E9
1.96561805E9
-1.04647194E9
2.03103718E9
1.38246464E9
-8.8145395E8
1.97827891E9
-9.8047341E8
-1.09216973E9
1.58978918E9
-2.44797504E8
5.5685216E8
7.586487E8
-1.23069296E8
-1.87953408E9
1.97251328E9
-1.96373171E9
1.91515942E9
-8.0722989E8
7.5800723E8
1.42724518E9
1.84325939E9
-2.524284E8
-1.6209431E9
-2.92755744E8
9.9556256E8
-8.2167206E8
-1.24797786E9
5.1615568E8
-1.33165912E8
-1.19178624E9
1.27579571E9
-1.91809408E9
-2.051628E7
5.4597056E8
1.05295014E9
-1.04331117E9
1.36636109E9
-6.551271E8
-8.3067898E8
-1.67237696E8
-8.5117152E8
-1.17374234E9
-4.473908E7
-5.7165709E8
-1.40367539E9
-1.02311526E9
1.76805888E9
1.60424973E9
-1.94941747E9
-1.31457907E9
-1.20472346E9
1.52131213E9
-2.20791792E8
-1.20813107E9
-6.7487443E8
-1.3720128E9
5.9390899E8
-4.6948032E8
-1.34555968E9
-2.89525216E8
-3.14430336E8
-1.76584845E9
-1.66976602E9
7.7039046E8
-8.8767603E8
1.43949504E9
2.08851558E9
5.26566624E8
-4.7439888E8
1.72847834E9
-9.3223635E8
-6.8736736E7
-1.53146445E9
7.3648986E8
6.1886694E8
8.7393242E8
-1.18017293E9
-1.76707635E9
-5.882038E7
7.3999411E8
-1.28905395E9
1.73052915E9
-9.7182522E8
1.83744998E9
-2.02496336E8
9.3903856E7
-9.524352E8
-2.08938586E9
-2.02822938E9
-9.1829203E8
1.212334E8
-9.0245299E8
-1.79717645E9
-1.98224576E9
6.0142682E8
2.31801376E8
-5.789152E8
1.78098906E9
9.8830445E8
-9.6219258E8
9.9876998E8
-1.96938688E9
-8.8414688E8
-3.05475584E8
-7.8335136E8
-1.91378534E9
-2.1428361E9
-7.7699782E8
2.10876557E9
-1.37480653E9
1.02504218E9
-2.07794125E9
8.1103635E8
1.0276375E9
1.85866688E9
-1.58699725E9
1.13784864E8
1.53055667E9
-5.12079776E8
1.93589274E9
-1.17709512E8
-8.644996E7
-6.8462918E8
8.0348518E8
-1.61840461E9
-2.367906E7
1.79370854E9
3.31141312E8
8.9077592E7
-1.30389722E9
-3.19171584E8
-3.60047104E8
-4.53626048E8
-1.7990848E9
-1.4575712E9
-1.56597965E9
1.8445783E9
-1.52056589E9
-1.15030925E9
-1.9820791E9
5.23329504E8
-5.676152E7
1.41001536E9
-6.6156621E8
1.03170157E9
-1.36251098E9
5.7196762E8
4.51018464E8
1.5284727E9
-1.54945264E8
-2.43727776E8
-1.77100966E9
-1.55171802E9
-1.4461399E9
-1.27231552E9
-2.2874768E7
-1.5462153E9
-2.04488896E9
-5.9904794E8
2.08428096E8
-1.96402896E8
8.0743898E8
-1.08662067E9
1.2270136E8
-7.350792E7
-1.71019123E9
-1.60201421E9
2.9679632E8
1.7616503E9
6.7672698E8
1.83507482E9
1.71254554E9
2.10519552E9
-2.00685056E9
1.40137664E9
1.69611149E9
-1.0426775E9
-7.9845914E8
1.86883994E9
-8.1131635E8
-4.7307072E8
-5.03439616E8
1.28092339E9
8.9634202E8
-1.57046912E9
1.5506048E8
-6.0658016E8
4.20755264E8
-1.9832576E9
-1.69226266E9
-1.54883584E9
-1.62281485E9
-1.1048521E9
-1.45522048E9
-1.31984032E8
-1.85455386E9
-5.32767616E8
1.41963072E9
8.0717203E8
-9.7597702E8
-1.30727117E9
-2.05599168E9
1.89196211E9
-2.00821235E9
9.4500768E8
-7.8567987E8
1.18766861E9
-8.870167E8
-1.24633485E9
-1.31803725E9
5.122064E8
-1.00754931E9
-1.18924454E9
1.19255104E9
1.70057472E9
8.6508301E8
6.1767616E8
8.127001E8
-7.0041978E8
6.4261312E8
1.32802842E9
1.26886925E9
2.35473808E8
7.9913184E8
1.09079462E9
-2.3098728E8
-3.79687808E8
1.63770765E9
1.73400256E9
-1.96254502E9
-1.96248602E9
-5.6512339E8
1.89186714E9
-2.14026368E9
-3.10484288E8
1.78100365E9
1.35638016E9
1.5572224E9
4.7057868E7
-6.4535469E8
-1.35130253E9
8.3437229E8
4.29872736E8
1.15819456E9
8.6810176E8
-1.97872269E9
1.12130931E9
1.16618906E9
-6.5926912E8
3.01065248E8
1.30547264E8
-2.76724064E8
-1.52897984E9
1.20130266E9
-3.56168672E8
7.228199E8
-1.5075E8
-2.86739424E8
-2.31779744E8
1.56827008E9
1.4569286E7
2.08637619E9
7.7649677E8
4.73818016E8
-1.00026778E9
5.9850982E8
-1.82490522E9
-1.16064888E8
-4.80343392E8
-3.95741952E8
9.3918042E8
2.39906E7
4.28624576E8
-8.6371731E8
-1.47850061E9
-1.60154483E9
1.09021542E9
-1.48834637E9
1.41103194E9
1.96985574E9
5.19691552E8
1.28726544E8
-1.27034227E9
-6.2637856E8
-4.46698592E8
-7.2505152E8
1.84483776E9
1.15317478E9
-1.33017331E9
-9.4216128E8
3.13760672E8
-5.7518074E8
1.48886566E9
-7.8614931E8
3.90299616E8
2.09829478E9
-1.93353306E9
-2.0319168E9
-2.06346573E9
2.60143568E8
2.05232205E9
-1.09869811E9
1.15512064E9
-1.34486592E8
-1.85304666E9
-6.6680858E8
2.03678285E9
-6.5588019E8
1.87667482E9
1.4586519E9
6.7884768E8
1.94510758E9
-1.99978829E9
1.9464073E9
-2.16041984E8
3.6877768E7
-4.68737152E8
6.6044986E8
3.276464E8
4.95049056E8
-1.19674291E9
-7.2791142E8
-1.87510758E9
1.35725286E9
-2.5824872E8
-1.85686054E9
4.55655552E8
-5.00354272E8
-1.14141248E9
-3.57753024E8
1.97644198E9
-8.8913389E8
2.04917235E9
-1.30225165E9
1.23777843E9
8.7170376E7
-2.66322208E8
-1.14955469E9
6.7950952E7
-6.9131789E8
9.2712006E8
1.97109504E9
-2.02823552E9
9.1125414E8
5.01136608E8
-1.35277504E8
3.40014112E8
1.77217997E9
3.62449632E8
-1.61508736E9
5.7797008E7
-6.471561E8
-5.3846029E8
-1.15459802E9
7.1498131E8
-1.68798566E9
8.4542285E8
-1.62322662E9
-5.4676442E8
1.16442957E9
-1.32338534E9
-1.45725363E9
1.98122778E9
1.0647584E9
6.3907117E8
1.07711757E9
