-1.07391782E9
-8.7354963E8
1.27613965E9
-9.6939994E8
-1.14089754E9
6.2650605E8
-1.25812966E9
1.04175622E9
4.84872384E8
-9.0162176E8
-1.38007706E9
1.98105485E9
-1.11722061E9
-1.09062733E9
-2.06251187E9
-5.27306912E8
1.97806682E9
-8.8076838E8
-7.5307475E8
9.4719181E8
1.56438528E9
-4.49971968E8
-9.394448E8
-1.72291699E9
-4.89365792E8
-1.13039112E8
-1.82452966E9
1.25447872E8
-5.5600589E8
-1.53825971E9
3.52586368E8
1.01905325E9
1.54301747E9
-4.4299392E8
-3.1852544E8
1.81541722E9
1.37764992E9
-4.41138304E8
-1.18185459E9
-1.57671987E9
-1.31004992E9
6.3415552E8
3.10554912E8
-9.1561402E8
-4.97869024E8
1.13199693E9
1.10266586E9
1.94423808E9
1.54433498E9
1.1411913E9
-1.82608858E9
2.1304329E9
2.60174016E8
-1.68434445E9
4.84200128E8
1.24633818E9
7.8997933E8
-5.161736E8
1.07639501E9
-2.09100326E9
1.2163561E9
1.74745296E8
-1.27062042E9
-1.44336486E9
1.56812192E8
-9.3347405E8
1.56662656E9
1.78321498E9
-5.9103155E8
2.6390088E8
1.68042176E9
8.8052806E8
-9.6065478E8
1.11714586E9
7.8630733E8
2.7579792E8
-2.06371034E9
-4.44299232E8
-3.80986816E8
1.75125274E9
1.52064128E9
8.7506246E8
-1.08039544E8
1.30409306E9
-7.7687085E8
2.04455386E9
-3689605.0
-8.2979315E8
-1.03896922E9
1.74801638E9
4.67985472E8
5.4750496E8
-1.48357645E9
2.92764096E8
5.7273222E8
1.45708416E9
-1.66117594E9
-1.12499656E8
-1.11370888E8
-1.09929331E9
-1.85781709E9
1.39158515E9
-1.85308326E9
-2.05365472E8
-1.58650688E9
-2.005704E8
3.06237312E8
-7.0825248E8
3.80599936E8
1.59381235E9
3.15689888E8
9.6288512E8
-9.397031E8
6.6407334E8
-9.5472256E8
4.19924352E8
2.05014643E9
-1.54817062E9
3.62664736E8
-4.99968672E8
7.9174208E7
-1.74665382E9
-1.75475904E8
-6.4789171E8
8.7655296E8
1.30583782E9
1.30707046E9
-1.60396736E9
-1.66883878E9
7.4742029E8
-7.5937786E8
3.0746032E8
1.17818714E9
-1.79704294E9
5.6489152E8
-1.86818368E9
-1.43065267E9
1.00157776E8
6.2738381E8
-9.3584858E8
9.5304944E7
-1.55632525E9
-1.35338227E9
-1.3869832E8
9.2355251E8
1.51733286E9
1.20959629E9
8.6851552E7
1.36153062E9
-2.05267482E9
-1.68576602E9
-1.3058985E9
1.35209229E9
-6.1246074E8
7.1466304E8
2.82849568E8
9.435545E8
1.64029747E9
1.19158387E9
-5.03718624E8
-2.7976668E7
1.80193408E9
-5.519401E8
-1.1907881E9
1.1509298E7
7.67784E8
-2.01164736E9
-1.97969984E8
2.05001626E9
1.50700646E9
5.16993536E8
-1.57804838E9
4.46037952E8
1.1897728E9
-2.07221312E9
2.12851696E8
3.99620288E8
1.97802381E9
-1.75761395E9
-1.62689523E9
1.00851072E8
-1.87899213E9
-7.4116634E8
1.14615514E9
1.82173926E9
5.6058644E7
-1.07398157E9
8.898672E7
1.6883223E9
8.6664742E8
-1.53942682E9
-3.55975552E8
-8.9905165E8
1.22432056E8
1.86449229E9
-1.03186003E9
1.91522381E9
-1.03835104E9
8.9575501E8
7.121287E8
-4.7875888E8
1.89628211E9
1.61628902E9
-9.9077318E8
-4.25179264E8
6.2085926E8
-1.60764979E9
3.3182244E7
2.02698432E9
1.50466714E9
1.76611085E9
-3.756496E8
-7.0285773E8
-8.1924198E8
-1.9475319E9
-2.06755354E9
1.25193331E9
-1.7199576E8
6.049833E8
9.1945773E8
2.02474509E9
-1.58533299E9
5.9996659E8
-1.20272435E9
4.76351488E8
-6.3962234E8
1.85969754E9
-1.55169459E9
-4.07851904E8
9.6402528E8
1.5015319E9
8.4086963E8
-2.07315827E9
-4.6573952E8
1.03345888E9
2.07594544E8
-1.02140486E9
-1.06254899E9
1.16066368E9
-8.2634202E8
1.77020224E9
1.92300672E9
-5.06926592E8
1.0855657E9
1.68157338E9
-5.24393408E8
9.9229459E8
2.01414682E9
-2.04101658E9
-1.93281856E9
4.29700448E8
1.12647578E9
-1.1800416E9
8.281143E8
7.2917328E7
-1.70396992E8
1.0819912E8
1.37613248E9
-2.87578912E8
-2.2181624E8
7.039216E8
1.3759305E9
2.13278886E9
8.2855187E8
1.41629875E9
1.202208E9
-1.41684262E9
1.39025587E9
-5.11935104E8
-4.66937248E8
-7.920167E8
6.9669984E8
2.11009357E9
5.0606272E8
-2.51916832E8
-1.87115494E9
-1.05366746E9
-9.7829728E8
9.8437786E8
3.08638624E8
6.1773805E8
5.5556224E8
1.27309082E9
-1.23052275E9
-1.14651635E9
1.05181139E9
-1.7536585E9
-1.05844314E9
-7.1715603E8
-8.4037338E8
1.990432E9
-1.15680077E9
-8.3363046E8
1.36372608E9
-2.14546867E9
-1.88633075E9
-1.26843635E9
-6.213362E7
-6.5483872E8
7.7026611E8
-3.20765664E8
-5.3665272E7
4.26976992E8
1.59759104E9
-2.29711296E8
-1.69532467E9
-1.16729229E9
1.64468864E9
6.2778374E8
2.9359504E8
-1.7719689E9
8.7084902E8
3.55962688E8
1.10191808E9
1.94009296E8
1.37697062E9
-7.6930584E7
6.1807059E8
-1.93849702E9
8.520455E8
8.8789728E8
-1.03983866E9
-1.6144864E9
-4.99616544E8
2.02778214E9
1.37217024E9
1.39025254E9
1.94393088E9
-2.14471309E9
1.85029338E9
8.0476435E8
1.58044813E9
-1.13487334E9
-1.278528E9
-9.668119E8
7.9003904E8
-2.3277016E8
1.06216264E8
-2.06735667E9
1.02477882E9
-6.1280205E8
-1.61623296E8
-1.55248976E8
1.23844365E9
-2.26188E8
4.1264816E8
-1.26141389E9
1.16409856E9
-9.2071078E8
-4.2946544E8
1.95586701E9
7.8760058E8
-1.22544384E9
7.5838547E8
2.05021594E9
6.280688E8
-1.88652237E9
-1.38102387E9
8.1621702E8
6.8965754E8
-1.60120294E9
1.07632896E9
1.08213363E9
1.96262976E9
-1.77476864E9
1.14461082E9
5.4014957E8
7.331719E8
2.09653248E9
-4.20979808E8
-1.29875571E9
-5.6221869E8
-6.0940627E8
-1.37002022E9
5.9923104E8
3.47451232E8
-2.04333581E9
-5.2219808E7
1.04453274E9
-5.4222605E8
7.1610824E7
-7.7741344E8
3836134.0
-1.58474848E8
9.5957638E8
-6.4253011E8
9.6503194E8
7.0777235E8
-5.668487E8
1.08295464E8
-1.7941879E9
-4.28848032E8
-1.63340429E9
-4.8454944E8
3.33337088E8
7.7845875E8
-2.07480307E9
2.33790512E8
-6.2758266E8
5.5248685E8
1.85789734E9
-1.0053431E9
1.14152998E9
-1.00839898E9
-1.73397914E9
-1.04863443E9
-1.60045773E9
3.3122688E8
-1.94668954E9
-1.32057178E9
1.8958953E9
8.7249517E8
6.7858374E8
-1.57702208E9
1.96346189E9
1.5833399E7
-1.37994112E9
-3.48971008E8
-1.42286003E9
6.109175E8
-1.41529664E9
1.77100339E9
-1.7725367E9
2.09851123E9
-1.20985421E9
4.76058624E8
1.76549722E9
1.44424E7
9.6418752E8
-4.45473664E8
1.45832026E9
-1.7897288E7
6.7108781E8
1.25102067E9
1.63918746E9
-1.94087962E9
2.09518259E9
-1.45797082E9
-5.2067264E8
3.50237632E8
9.1227898E8
-8.0483949E8
1.23547686E9
8.5916205E8
7.2433363E8
-1.63894106E9
-5.8750426E8
-1.72666611E9
-1.00734643E9
9.7063392E8
-1.70691632E8
-1.85205709E9
-1.07914688E9
3.03776064E8
3.83205856E8
1.79587136E9
-2.114972E8
-1.44489872E8
1.52864883E9
1.63372979E9
1.27582728E8
-1.59591475E9
-5.3937165E8
-9.0406893E8
1.4656873E9
2.11352333E9
1.88398746E9
-1.38006477E9
-1.72253107E9
1.33816986E9
-1.77037888E9
1.78002342E9
-1.91323552E8
-4.76043584E8
3.7774304E7
-1.16085491E9
-1.4308905E9
8.7922656E8
1.85518669E9
-1.07278912E9
-2.29390272E8
-9.4959968E7
5.6102003E8
-1.99788186E9
-6.3306182E8
1.19974195E9
1.33036301E9
-7.5752858E8
-1.20679347E9
-1.52377792E9
-3.03441888E8
1.02211846E9
1.732112E9
1.64149286E9
1.57687283E9
2.70217536E8
1.67702067E9
2.00174362E9
7.6232538E8
-4231663.0
8.3032144E7
-2.91628384E8
-1.74771008E9
1.13501261E9
-1.16129664E8
-1.39796006E9
1.16474662E9
4.16387904E8
-3.03796384E8
-1.85489382E9
-1.37654874E9
-7.2905491E8
1.6354391E9
8.5371123E8
-3.90829056E8
5.408448E8
4.61891648E8
-6.516169E8
8.4388019E8
-6.6662035E8
1.6748521E9
-9.2937754E8
1.242476E8
6.5060589E8
-1.88340531E9
4.76179488E8
9.2682768E7
1.6400343E9
-1.19374696E8
8.1431149E8
1.43314368E9
-1.69308595E9
1.8336352E9
-9.4824493E8
-5.2683568E8
-1.35451904E9
2.0983388E7
3.46203968E8
1.72031872E8
-2.06987648E9
8.8802246E8
-1.219376E9
-9.5624218E8
2.13566694E9
9.4113222E8
2.10238579E9
1.3960864E9
1.71669658E9
-5.898567E8
-1.22331686E9
6.8189722E8
-5.02699616E8
1.67418342E9
-1.34763354E9
1.32971008E9
-1.14266893E9
-1.60004941E9
-6.2280717E8
2.09470682E9
1.37707661E9
8.3288736E8
-5.8565254E8
1.37497933E9
-1.90783565E9
1.47757466E9
1.00673606E9
7.0698643E8
-1.1346679E9
-5.6677216E8
1.30224077E9
-1.7221335E9
2.15165264E8
-6.1656838E8
-1.89382733E9
-1.60161741E9
1.68785011E9
-9.4184992E8
-1.77712589E9
-1.73256166E9
1.91071693E9
2.06173133E9
6.6455834E8
-1.49795917E9
1.08371622E9
1.29963725E9
-1.03861376E8
2.02213261E9
-1.1539401E9
-6.0511834E8
1.05614758E9
-6.3446728E7
2.05134656E9
-4.0951088E8
1.33300467E9
1.91135885E9
-4.15005696E8
-1.78311526E9
-1.04251533E9
-1.65317837E9
1.16321754E9
1.04779117E9
-1.6243008E9
9.874841E8
2.0481056E9
-9.0091162E8
2.021536E9
6.7754336E8
4.49403552E8
4.59904E8
9.4457018E8
-8.479449E8
9.5650808E7
-1.86646592E9
4.36763456E8
4.5075984E8
-1.1777911E9
2.02940877E9
7.2385152E8
1.94927667E9
1.39399488E9
1.90392243E9
-1.08396326E9
-4.30652896E8
4.4335416E7
-1.60424051E9
-3.41269408E8
7.0732026E8
-1.84677082E9
1.69404237E9
8.7046842E8
5.05284896E8
-5.7565254E8
9.4785555E8
1.61258483E9
2.25512224E8
-1.49387686E9
-1.11762394E9
-7.0312448E8
1.48564442E9
-4.41895072E8
1.69920742E9
-9.5921619E8
-6.830729E8
1.23640166E9
6.0335264E8
3.7372192E8
-1.26139072E9
2.04104973E9
-1.67473741E9
-1.39553754E9
2.11499312E8
5.9626029E8
1.53089997E9
5.8822355E8
1.51020672E9
8.1589805E8
-1.6541312E9
-1.49563008E9
-5.5068544E8
-1.95032269E9
-9.4891654E8
4185970.0
-1.37447398E9
1.7004119E9
3.79972672E8
-1.65709005E9
-2.04157722E9
-8.5876045E8
-6.9683853E8
3.85377536E8
1.96859379E9
-1.22440448E9
-8.080135E8
1.1112969E9
7.3907174E8
4.20488832E8
1.10047347E9
1.23405901E9
-2.0466519E9
-4.01768832E8
-4.1959184E8
-1.17000922E9
1.77983232E9
1.97441626E9
-8.9504173E8
-1.19424691E9
1.02063322E9
2.04275686E9
-1.94187763E9
-1.8148503E9
-1.2088E9
-3.28462112E8
-2.02726989E9
-1.28121114E9
1.78866944E9
-1.05934867E9
-4.7539536E8
-3.16402592E8
4.4007872E8
1.16783834E9
6.7089508E7
-1.1238423E9
7.5102632E7
-1.99512688E8
7.7586419E8
1.99869936E8
-6.5760218E8
1.70056474E9
-1.94098394E9
8.0612538E8
2.06401882E9
-4.7855984E8
5.4454464E8
-1.14955213E9
5866193.5
6.7197658E8
-1.4951049E9
-8.6535155E8
1.05236026E9
-1.68427034E9
1.47883738E9
2.08960474E9
-1.063166E8
1.13077504E9
1.83212493E9
1.63373018E9
-1.57375808E9
9.1567706E8
9.4711878E8
-2.5046984E8
-1.88724019E9
1.12033894E9
-1.21216883E9
-5.31172928E8
-4.5846396E7
-2.14580378E9
2.41429392E8
-1.66863152E8
1.37659341E9
7.8203219E8
9.9730317E8
1.53599373E9
-1.37676672E9
-5.24429248E8
1.1578071E9
-1.94019661E9
1.69542976E9
-8.0617562E8
-1.67374144E9
-6.6350714E8
1.45344422E9
9.532279E8
-1.67142003E9
1.46286176E8
1.8197879E9
-8.9692877E8
6.9103379E8
1.7557591E9
-2.09107546E9
-2.52395312E8
-8.930841E8
4.4083656E7
2.03062976E9
-1.16127832E8
1.85570547E9
-1.3469143E9
-1.31354829E9
-1.95327744E9
-1.41194842E9
5.4915578E8
-1.92892173E9
-1.87224589E9
1.85833424E8
-6.8535693E8
-1.85027981E9
1.87440819E9
6.316857E8
8.2073453E8
-1.89069594E9
-1.88246797E9
1.01352762E9
-1.80806032E8
9.4181498E8
2.06406746E9
9.3562528E8
-2.46784832E8
1.22880026E9
-3.07222016E8
1.77683904E9
3.79451744E8
-4.59708384E8
6.3293798E8
1.02184851E9
-1.9025879E9
1.51417446E9
-1.0495305E9
-1.98945126E9
1.84520717E9
-2.58020144E8
-1.4596777E9
1.13728243E9
6.0270758E8
-5.04249152E8
1.67766618E9
-1.65937754E9
-1.4785152E9
1.98960269E9
-1.52544307E9
-2.01082586E9
1.99073728E9
2568566.5
5.787769E8
-1.34481702E9
7.8772096E7
1.10887053E9
9.7118995E8
-2.12879616E9
-1.0566192E9
8.1114694E8
-1.48832358E9
-1.49541056E9
-1.51674803E9
-1.52279834E9
1.64660147E9
-1.36896576E9
-1.66545485E9
-1.9808336E8
-1.36181133E9
-1.54466752E8
1.81948608E9
-5.23432352E8
-1.50687526E9
1.24126144E9
1.09923464E8
9.2699539E8
-1.4405968E8
-8.8478784E8
-3.62858464E8
-4.11865792E8
-3.86459168E8
1.21162842E9
4.6759816E7
1.41111181E9
-1.68140493E9
2.01366566E9
4.59526016E8
1.71569587E9
6.5450042E8
-1.66729088E9
-1.57695194E9
-1.45308723E9
8.3850611E8
4.50675808E8
4.232112E8
6.5955398E8
2.08401843E9
-1.91723674E9
7.6139968E7
9.9787309E8
4.20656096E8
7.7059309E8
-2.10845824E9
3.54566336E8
-1.42955494E9
-2.1749554E7
-2.10517619E9
-1.69449696E8
1.50246298E9
1.78347264E9
2.2766672E8
1.61434534E9
-1.4295913E9
-1.04818048E8
1.30113318E9
-1.11315942E9
1.56950195E9
-1.02641357E9
-1.50484186E9
-1.98067494E9
2.13010611E9
1.91862451E9
-1.20421606E9
-1.4098089E9
-1.89259955E9
1.8715657E9
2.00714061E9
1.65225267E9
-1.46095731E9
7.2080051E8
-8.2089088E8
2.00184474E9
-1.66535821E9
-9.320204E7
-2.1285769E9
1.50550426E9
4.66240416E8
-4.41730592E8
3.65120896E8
1.18421082E9
-1.15277709E9
-3.4285936E7
-1.4372128E9
-5.8306445E8
2.04534822E9
-1.94652032E9
1.76414528E8
-3.90405248E8
-1.0361561E9
-8.2550554E8
-8.4178822E8
-5.4359994E8
-1.08655744E9
-9.7812819E8
-1.99541261E9
-1.3178921E9
1.65696077E9
-1.71073946E9
-5.436032E8
2.66340304E8
9.3000173E8
-1.95389056E9
1.16964186E9
1.59958448E8
2.67856096E8
-1.72508928E9
6.3902765E8
-1.17302157E9
-1.00774118E9
-1.64387635E9
1.61509568E9
4.02948512E8
1.7039817E9
-5.6950822E8
2.01565197E9
-1.01221939E9
5.6773228E7
1.84003264E9
2.11113728E9
-9.5158477E8
-6.4278696E7
-5.28036672E8
-1.78436902E9
-1.182736E9
-5.16428032E8
-3.0590752E8
-2.7045872E8
-8.103209E8
-1.55150093E9
1.75135322E9
-7.2051264E7
1.86214336E9
1.90185549E9
-1.8650996E7
7.714615E8
1.60307392E9
-3.29926592E8
-1.50961728E9
1.44025392E8
1.0762327E9
-1.05286272E9
-1.69076147E9
1.3275433E9
1.84850573E9
-9.9817888E8
1.28501594E9
-5.5810067E8
-1.56344576E9
1.95741837E9
-1.30258496E9
1.04963648E9
-9.6087437E8
-1.44479066E9
1.22349786E9
9.6746893E8
1.4321568E9
-1.70823872E9
-1.36093018E9
5.2873168E8
1.55824218E9
-1.59534413E9
1.07859443E9
1.38447117E9
5.9701133E8
5.36203424E8
-1.98619744E8
-1.30371994E9
-1.93919693E9
-1.38068646E9
1.52233638E9
9.2870224E7
-3.26602592E8
-1.21661171E9
1.05798189E9
-1.80224115E9
2.05650547E9
1.25907504E8
-5.3711948E7
-1.53022886E9
1.31826022E9
-1.01699392E9
-1.19973478E9
-4.37219552E8
-2.93766624E8
-1.61868723E9
-5.763468E7
1.20681766E9
5.5287923E8
5.4103686E8
-1.25814349E9
8.195911E8
-1.6750496E9
-5.777785E8
-1.9035296E9
-2.05477296E8
-1.40029094E9
9.122455E8
-1.86364915E9
2.0093577E9
1.97968288E8
-1.50878067E9
-1.63094835E9
-1.47929242E9
1.73805581E9
-9.4566458E8
-7.2907373E8
-3.18243616E8
-4.1899488E7
-6.9883398E8
-1.95955187E9
9.9974182E8
-7.583184E8
1.50985536E9
-7.9434874E8
7.3264806E8
1.73637402E9
1.69689203E9
1.00644403E9
-1.4214728E8
-1.38344224E8
-1.9501504E8
7.9181254E8
-1.10152371E9
-2.0951752E8
1.05565843E9
1.7391913E9
4.04888E7
-2.0556544E8
5.5108102E8
-1.99947264E9
1.62771725E9
7.7196813E8
-9.6618061E8
1.74711219E9
2.30238736E8
-3.42397696E8
-8.662263E8
-3.37728544E8
-1.3234071E9
1.88391002E9
-1.68966502E9
1.72311142E9
6.655225E8
-1.07932442E9
-1.44990477E9
1.70730573E9
-2.81561184E8
-3.24056096E8
-3.67219328E8
-8.5493818E8
1.01496883E9
-6.4466381E8
8.2759514E8
2.01741888E8
2.10735472E8
7.1220595E8
2.99336224E8
-6.465575E8
-1.67796531E9
1.99678477E9
9.556016E8
-1.23583757E9
2.11294106E9
-1.39245056E9
-5.9477472E8
-3.17388896E8
-8.8451866E8
-4.06038784E8
1.53570995E9
-1.75546624E9
8.8466374E8
2.02288781E9
-5.00428896E8
-1.43182285E9
1.08957456E8
1.32651686E9
5.4575475E8
6.4186682E8
-1.37406438E9
-1.53482163E9
-3.11681792E8
1.16072051E9
4.153904E8
-1.7079753E9
-5.426832E8
1.46054643E9
1.06907571E9
8.3542598E8
1.68073062E9
1.83866394E9
-1.66790605E9
-1.98091482E9
-5.5621197E8
-1.94183152E8
-1.46814912E9
-3.62873888E8
-9.7322118E8
6.5562502E8
1.2373888E9
-5.9300198E8
2.118616E8
1.58297248E8
1.93023514E9
6.1314963E8
1.28385894E9
1.77697229E9
-1.32331136E9
-4.86718624E8
1.05490384E8
-1.3708169E9
-4.16635712E8
-4.78418592E8
-1.6934999E9
-4.56090912E8
-1.44248704E9
1.67753264E8
-8.2777632E8
9.2727366E8
5.07321088E8
-1.94174112E8
8.6239872E8
1.56258368E9
-1.07163245E9
8.1747117E8
-1.21736666E9
-1.18725184E9
1.3168032E9
1.44909402E9
3.99134432E8
6.4674675E8
6.0449709E8
-2.5351208E8
-2.07592998E9
3.27166912E8
-2.01992294E9
1.8827017E9
-1.70028979E9
-3.53543168E8
-6.9287616E7
1.55872384E9
-1.13967872E9
8.5456045E8
-3.54030016E8
1.46986624E9
-5.645232E8
-2.08726272E9
1.95775219E9
3.95843936E8
1.91926067E9
2.43583344E8
-5.32626592E8
-1.32464666E9
-2.6521104E8
-1.81688384E8
-1.60251098E9
3.38921632E8
-1.88453005E9
-2.38245792E8
-3.96066528E8
2.14633229E9
-1.15111066E9
-1.21278669E9
396237.4
-1.07948442E9
-9.9546086E8
9.9848776E7
1.95090957E9
-1.81748096E9
1.2375369E9
1.42253453E9
-1.82936115E9
-8.3624832E8
-4.9335872E8
-1.36963354E9
-1.73327258E9
4.86018816E8
-3.80492864E8
2.30559216E8
1.80848384E9
1.78611955E9
1.18486029E9
9.7250938E8
-1.94320755E9
1.55910157E9
-6.8720621E8
-1.40370586E9
2.79470912E8
2.44619392E8
1.6899232E9
-1.63178522E9
-1.65918144E9
1.30263552E9
7952773.0
-6.6439706E8
1.69609997E9
-5.4240486E8
1.12621747E9
1.89730086E9
-1.26833139E9
-1.70596544E9
1.19177126E9
1.29732736E9
1.94971277E9
2.2096808E7
-4.56270176E8
2.19053344E8
-1.99416614E9
9.9290445E8
1.8963913E9
3.08810784E8
9.0403309E8
-1.58098384E8
9.1924941E8
-2.09129968E8
1.61441523E9
-1.88416768E9
-1.6466665E9
1.768288E9
1.42507955E9
-7.8183392E8
2.8933424E8
-1.30957645E9
-1.83294374E9
-5.404713E8
-1.54634086E9
2.12858419E9
2.59566672E8
-1.55477837E9
1.11571046E9
1.19230643E9
4.81865024E8
-1.0206937E9
9.3530035E8
1.36849232E8
-2.05216883E9
1.55361856E9
1.73814733E9
-6.0406784E8
6.2646739E8
2.00194272E8
5.19325184E8
-4.87654112E8
7.8788563E8
1.51823328E8
-1.96258048E9
-7.3228838E8
-9.2320902E8
2.01406925E9
-1.58545872E8
2.06103168E9
-1.20663974E9
6.1051546E8
5.2958032E8
-1.38781504E9
1.81962266E9
-1.68905267E9
1.26148928E9
8.3307091E8
1.08469248E9
-1.84792256E9
-2.2366312E8
-5.5621018E8
-2.00490893E9
7.0559366E8
-6.9841824E8
1.1872192E9
-9.1703693E8
-1.65696768E9
5.12825248E8
-1.36701536E8
7.2429472E8
1.75702976E8
-1.21979763E9
-1.01981754E9
-1.48675674E9
1.30446298E9
-6.3627846E8
2.01653133E9
1.69226266E9
1.50235622E9
1.72261939E9
-1.08322893E9
-4.3073444E7
1.02950035E9
1.0895607E9
-2.10923456E9
1.96585152E9
-5.716999E8
-1.66365712E8
-2.62798752E8
-1.93221606E9
4.26669984E8
-7.2112192E8
1.47865331E9
-7.4628192E8
9.7235123E8
-4.58598656E8
-9.1323622E8
-1.38017267E9
-3.38253952E8
-2.05205709E9
-1.12085338E9
5.13047808E8
-1.94398528E9
1.95230413E9
-1.42608819E9
-5.4062522E8
1.30785728E9
-2.14184192E9
-1.04130298E9
-1.7987104E9
3.24824E8
-2.0151528E8
2.14348429E9
8.0779309E8
-1.32385702E9
-3.72789152E8
8.5291366E8
-1.43840448E8
-6.2156966E8
-4.74931424E8
-3.11984704E8
-1.52166144E9
-9.5212544E7
-4.37527424E8
-5.31381536E8
-1.5915209E9
1.74786086E9
8.5208275E8
-1.30876621E9
-7.2962048E7
-9.0925562E8
1466385.2
9.6743181E8
6.6901382E8
-5.06447584E8
3.84763936E8
4.0628768E8
1.10660672E9
-4.03392512E8
4.66168064E8
1.09018829E9
4.29187616E8
8.0569312E8
6.3866835E8
2.02745024E9
1.33071104E9
2.10039565E9
-1.83121011E9
-1.2934368E9
1.10942656E9
5.6182842E8
1.84043341E9
-1.72700979E9
-1.61262925E9
-3.51907392E8
1.88104736E8
1.48413018E9
1.88447309E9
-1.19675264E9
9.9643738E8
1.43510669E9
-5.23852096E8
1.47121997E9
-6.0819974E8
-5.671449E8
-5.5330778E8
1.65300083E9
7.308649E8
1.91761037E9
1.45704371E9
1.06902714E9
-1.92975974E9
9.3502522E8
1.05014291E9
-3.0326116E7
-5.8863514E8
-1.75003904E9
1.46194829E9
-1.42587763E9
5.28990144E8
-1.95978944E9
-6.3155238E8
1.26387379E9
1.47875648E9
2.09794778E9
9.950777E8
-1.78269936E8
1.20223846E9
-6.013751E8
2.09192166E9
-1.95896486E9
-7.2596461E8
3.116616E7
-1.75547981E9
1.95625344E9
-1.17035533E9
8.4209818E8
-2.08186406E9
-5.5582682E8
8.3470712E7
2.12222477E9
-1.11235304E8
-1.46798554E9
-5.0078608E7
-1.02314547E9
2.88806688E8
8.4574662E8
2.08969434E9
-4.38655584E8
6.5583411E8
1.92922464E8
-3.85613856E8
-1.12679526E9
1.51255014E9
1.42632832E9
3.7349136E8
1.76921011E9
-1.59904678E9
2.13136848E8
8.6311098E8
-1.4502688E9
-3.26585824E8
8.3618726E8
1.99228211E9
8.3571104E8
7.1983597E8
9.1540346E8
-5.6287142E8
1.29711568E8
5.9855795E8
-4.1063672E7
-3.4564496E8
1.69778048E9
1.18091315E9
1.25639912E8
1.75371763E9
-1.5680704E9
6.2773875E8
-1.84786675E9
-3.08009248E8
6.5475296E8
-9.8841453E8
-1.94441229E9
-2.9262176E8
1.71384358E9
2.08557773E9
5.16761216E8
-2.0743127E9
1.92180262E9
5.6820877E8
1.55967078E9
9.6710592E8
-3.64264128E8
-8.7429126E8
-8.0818534E8
-1.77495526E9
-1.28253504E9
-6.4124384E8
1.00511693E9
-5.4862317E8
-1.32954675E9
7.2078528E8
1.503871E7
1.5370405E7
-9.3526278E8
-9.1263917E8
7.9571846E8
7.9952256E8
5.7573779E8
1.73295526E9
6.3948589E8
-2.17270368E8
-1.48326067E9
2.1078976E9
-1.53263181E9
-1.43129562E9
-1.47188045E9
-7.1896224E8
-1.76667738E9
-1.76752077E9
1.06700186E9
1.96083814E9
-7.5739443E8
4.47852096E8
-5.8069005E8
1.41841293E9
3.6910752E7
-1.79937344E9
1.06695226E9
-1.81317146E9
1.4373431E9
1.06502637E9
-1.25391578E9
-4.4931568E8
1.9687671E9
1.52377677E9
1.78346842E9
1.73597069E9
-1.2539017E9
7.2151238E8
-1.52420659E9
2.0400311E9
2.04546253E9
1.41745933E9
-1.13750118E9
1.6280119E9
1.58061018E9
2.2547952E8
1.30620698E9
-1.2026775E9
1.92351328E8
2.09864218E9
7.161271E8
-3.30043072E8
1.55974694E9
8.7036845E8
-4.98925248E8
5.1993368E7
-7.9078534E8
-9.7238125E8
1.4607916E7
3.77711968E8
1.83771648E8
1.7813728E9
-1.97105933E9
1.76149888E9
1.22444083E9
-8.0568806E8
-4.18128032E8
-2.07827149E9
-1.11139302E9
-9.7894106E8
1.34284877E9
5.5830534E8
1.59242176E9
1.57856755E9
1.91835853E9
-1.65274509E9
1.92966131E9
4.62705376E8
-1.29497613E9
-8.7944845E8
6.8152781E8
-1.13640294E9
-1.31658368E9
7.5239354E8
1.70971046E9
1.97935152E8
-4.59310592E8
-1.17532624E8
1.759968E9
1.65197184E8
-1.91567936E9
6.1390643E8
1.96821018E9
-1.7985664E9
-8.8532966E8
1.89948659E9
-8.7216742E8
-6.4709932E7
-5.4780984E7
-4.14788064E8
1.14317133E9
-1.67615194E9
1.45369562E9
1.04067558E9
-1.13369126E9
8.8962726E8
-2.36232128E8
9.1105299E8
1.2262364E8
-1.2946601E9
1.82814285E9
-9.6277434E8
4.60631296E8
-1.15394394E9
-1.21975795E9
-5.4582406E8
1.24624232E8
-1.54598899E9
-1.45222118E9
7.3071834E8
5.33735488E8
2.065872E9
-7.6442131E8
1.55634355E9
-1.65154032E8
9.5444672E7
1.89187546E9
-1.55192448E9
4.41329312E8
-1.28295504E8
-4.33293408E8
-5.8487635E8
1.50539878E9
5.4101549E8
1.7571561E9
-8.0837446E8
-4.16045408E8
-2.12909581E9
2.65177296E8
-1.74405696E9
2.06763597E9
-2.1629344E8
9.0190746E8
-5.4059558E8
1.62784269E9
1.1796087E9
3.93446336E8
-5.19155456E8
1.9893289E9
2.46810752E8
2.09521907E9
-5.36474272E8
1.07011853E9
-1.27189222E9
1.8014423E9
7.3574464E8
1.15935373E9
1.07169958E9
-1.92398298E9
-1.01668109E9
1.84328115E9
1.21222771E9
1.18037901E9
3.41195616E8
-5.6083053E8
-1.03331565E9
-1.06343379E9
-1.98935539E9
3.6533112E7
-3.46687008E8
-1.85509133E9
-1.98462874E9
-7.0876678E8
-8.6020966E8
-1.79600474E9
1.7098912E9
-1.12105357E9
-2.02901824E9
1.60046832E8
1.85769446E9
6.8449382E8
-8.7584154E8
-1.05244205E9
-1.91107872E8
4.85566112E8
6.660359E8
-2.35208992E8
1.5528384E9
1.46608371E9
-1.81547264E9
1.19835288E8
1.38826342E9
-6.3117178E8
2.08811674E9
6.1449133E8
-1.19413734E9
8.5682054E8
5.24161152E8
1.38564531E9
1.87891469E9
-3.98698528E8
-2.41300976E8
-1.58828288E9
-8.6217888E7
1.215744E9
8.665465E8
-8.6717274E8
1.19941968E8
-6.2831514E8
-2.51414896E8
-7.0413389E8
-8.1786253E8
8.4074035E8
1.74067366E9
-5.5363187E8
1.98837875E9
-2.07823616E8
2.494304E8
-1.18470042E9
-1.00468621E9
-1.60687219E9
-1.79561651E9
-7.2641376E8
5.18353184E8
-2.40182208E8
1.6621296E8
2.04737216E9
1.27160128E9
1.65453619E9
-1.29610752E9
-1.65411098E9
1.2668236E8
5.194328E8
-1.89162803E9
-1.88752944E8
7.8575744E8
1.28412531E9
2.00822733E9
-2.0749545E9
1.15175258E9
3.28306432E8
-1.55051725E9
1.54569651E9
-1.09497376E8
1.54687642E9
-5.04505664E8
3.61061344E8
8.373804E7
2.6136632E8
1.82051469E9
2.08998387E9
-1.94643277E9
7.0810758E8
-1.87363328E8
9.7146694E8
9.9051821E8
-7.8340813E8
-7.0138234E8
-8.1123814E8
-1.19799411E9
1.19506931E9
-1.87508339E9
-1.68291136E9
-1.93662477E9
1.38239322E9
9.8286669E8
5.7340858E8
-9.9204518E8
-6.6119718E8
1.10378611E9
-1.17675277E9
-1.82123571E9
-4.61766432E8
-1.05870816E9
-3.9248256E8
-1.21258483E9
1.98926938E9
1.45717069E9
-1.38826573E9
-2.12473894E9
-1.13520576E9
-1.52400179E9
2.10453926E9
-1.73674931E9
1.62427744E8
1.11317389E9
-2.04220774E9
-4.11275744E8
4.18603456E8
-1.18308656E8
1.84351898E9
6.4833306E8
6.4063718E8
-1.6219895E9
1.44950413E9
-1.1663017E9
-6.4075174E8
-1.21455206E9
-1.46061427E9
4.91325664E8
7.9762099E8
-1.23889626E9
1.82701747E9
-1.43944883E9
-2.0413376E9
9.674073E8
-5.7710989E8
-9.3554944E8
1.60506944E9
1.87419238E9
1.76952224E8
-1.94531725E9
2.11988864E9
7.4104307E8
-1.79717453E9
-1.93828864E9
-1.47420595E9
2.48569984E8
-7.3547597E8
-4.36989152E8
1.24187008E9
8.4166317E8
-1.66396966E9
1.39979792E8
1.16837517E9
-5.7243917E8
-1.74050995E9
-1.62326438E9
-9.8258451E8
1.06625171E9
7.0066413E8
-1.68367232E9
-9.3064525E8
9.9945555E8
-1.8755863E9
2.08055898E9
8.5554458E8
-1.91245274E9
-1.41833472E9
2.05620198E9
1.19173427E9
3.8275264E8
5.641527E8
1.31986765E9
3.5792384E8
-9.7644186E8
-1.27769331E9
-3.6902832E8
1.75416448E9
-1.41760864E8
1.22351808E9
-1.16004211E9
2.70420416E8
-1.78553395E9
1.97169677E9
-4.19569696E8
-7.9131784E7
6.5486931E8
1.11102323E9
-6.94906E7
-1.8042488E8
2.10553165E9
1.34788595E9
1.17305869E9
-8.091593E8
1.73789901E9
-1.17377421E9
1.61365466E9
-1.84240166E9
5.6068868E7
-1.70209894E9
1.24098432E9
-1.46959693E9
-2.50180912E8
-8.803072E8
3.18890432E8
-9.4859219E8
-5.6474093E8
1.43299776E9
-8.051385E8
6.1848749E8
3.4618432E8
1.44522227E9
1.53670541E9
-2.25619168E8
-3.5285056E8
-1.00061805E9
1.8068745E9
-1.27585766E9
-1.4656013E7
-1.05853146E9
-1.31012915E9
-1.19603866E9
-5.374256E8
-3.03504352E8
1.08464525E9
-1.06613414E9
-1.88332698E9
3.66244256E8
-4.18964E8
-8.1472326E8
-8.188407E8
-4.35133952E8
-1.8647432E8
2.14544294E9
4.7886576E8
2.08138496E9
6.557657E8
1.97408282E9
1.982992E9
1.64203866E9
-7.2247238E8
7.1252224E7
1.28569562E9
2.07673344E9
-9.0856435E8
-2.87747904E8
1.13377894E9
2.08577485E9
6.2575315E8
1.95079782E9
-4.57971936E8
5.8782144E8
-1.10524992E9
2.00558336E9
-1.08170586E9
-9.9288442E8
-1.47451238E9
-1.75122586E9
2.1443872E9
3.84172128E8
-6.0968685E8
-6.5187526E8
-1.22349568E9
-1.47848755E9
-1.85744294E9
9.2313792E8
-1.27928358E9
-6.5886432E8
-1.90913344E9
-1.1937016E8
5.8721395E8
4.6611492E7
2.1211287E9
7.1408762E8
2.23580512E8
1.91728848E8
4.67210912E8
2.08472781E9
1.14775066E9
9.9574758E8
-1.95848307E9
1.3808E9
-1.50188749E9
1.35718746E9
1.07173926E9
-4.78780992E8
-6.3094662E8
-2.06192947E9
1.18249818E9
5.375689E8
-7.2112416E8
1.81415411E9
-2.21952592E8
1.21709389E9
-1.52126618E9
3.57774208E8
5.0542256E8
-8.8880934E8
-1.77308211E9
-1.33045184E9
-1.7137816E7
1.2132992E9
-1.5148183E9
-4.02219232E8
-7.048976E8
-1.06159738E9
-3.7865648E8
1.81949606E9
1.90750323E9
2.0177353E9
-1.51657203E9
1.6047575E9
-1.11352486E9
1.74701926E9
1.0457207E9
-4.56965888E8
2.31196464E8
8.5494573E8
-1.5261001E9
2.0473495E9
-1.49318208E9
-6.8594035E8
2.11809126E9
-1.26352883E9
-1.5028E9
1.92498432E9
-1.2923296E9
-1.92840371E9
2.97521568E8
-1.41256704E9
-1.61579392E8
-7.0910989E8
-1.36962291E9
-3.91231232E8
-1.78334272E9
2.11267546E9
-1.70080589E9
-7.0338317E8
-1.6890039E9
1.63100083E9
1.47011302E9
2.08192051E9
1.72439053E9
7.719511E8
-2.11587878E9
-1.08131085E9
-1.32122534E9
6.1018854E8
1.46232371E9
-4.52293984E8
-2.72132256E8
1.75691149E9
1.02838056E8
-3.56821504E8
-5.14946496E8
1.97446106E9
-1.09296115E9
5.8210445E8
6.4706246E8
-1.70440512E8
1.69864166E9
-7.3529318E8
7.2182272E8
1.44518886E9
1.7400704E9
6.1179686E8
-1.59561306E9
-1.80743846E9
-1.88658317E9
-1.69820762E9
-3.2224992E8
-8.5104518E8
3.5741872E8
4.56453088E8
9.46168E8
-1.99429696E9
-5.1878616E7
-1.23038554E9
1.95187213E9
-1.68883635E9
-7.6087347E8
-1.91259008E9
1.63398758E9
5.31199904E8
-1.63190656E9
-8.0246285E8
6.2283878E8
-7.9003667E8
1.3815128E8
2.08483123E9
-4.01684E8
-2.9559856E8
-1.66071347E9
-1.69543565E9
1.2056919E9
-1.74963533E9
1.90953574E9
-1.92599501E9
-5.23164896E8
-1.61069888E8
1.74177306E9
1.93269274E9
6.2374536E7
2.08975821E9
1.78037568E9
-1.96569152E9
-1.70977306E9
-1.17556646E9
-1.44495808E9
1.56919987E9
-6.9139488E8
-6.9419507E8
-1.05850232E8
7.5777766E8
1.18626317E9
9.2806675E8
-7.3457126E8
-2.01814912E8
5.5342944E8
2.08863053E9
-1.25015066E9
-2.01028595E9
-3.75486304E8
1.31109888E9
1.30879642E9
-1.12279808E9
-1.10386352E8
-7.4347616E8
-1.05834643E9
1.16952102E9
-9.9417702E8
1.95096563E9
-8.2225606E8
1.68234086E9
-1.81459699E9
1.80493235E9
9.1381363E8
8.4670688E8
7.724425E8
-9.2471482E8
2.37642768E8
1.28842381E9
-2.54372816E8
-1.05753843E9
-7.8683866E8
-1.95175693E9
9.2619526E8
-2.08576794E9
-1.17912845E9
4.7446104E7
1.89189581E9
2.07396109E9
-2.67515312E8
-3.84946592E8
9.2597488E7
1.99971546E9
-1.60633997E9
5.5034406E8
6.4828614E8
1.94055168E9
-1.715308E8
-1.78915072E9
2.8138928E8
-5.940681E8
2.48442512E8
1.49187366E9
1.97087322E9
2.78937216E8
-1.84471296E9
-1.52064435E9
-1.05162144E9
-3.97216288E8
-1.43802662E9
1.96824051E9
-1.74880512E9
5.4247891E8
-1.09735526E9
6.0697523E8
2.45497824E8
-1.22737011E9
1.98397555E9
1.2660864E9
7.7411296E8
4.06295008E8
3.47450208E8
9.6338477E8
-7.8912928E8
-1.17958872E8
1.3123241E9
-7.7563718E8
-6.8159418E8
-8.1216666E8
-1.44791949E9
1.14637312E9
1.91162048E9
1.74041562E9
-7.7417114E8
-1.0670727E9
5.5734317E8
6.3654355E8
-8.19744E8
-2.06260902E9
-1.99263322E9
1.87535859E9
-1.47999654E9
1.75828762E9
-6.9034573E8
-1.2688832E9
-3.46923872E8
3.30451488E8
-1.14770176E9
-1.26531763E9
9.8772064E7
-1.18247206E9
-8.2496134E8
-1.64986035E9
4.91961152E8
-1.83359744E9
-4.70565408E8
6.97012E7
-1.58960858E9
-1.23888346E9
-5.3953133E8
-8.6121754E8
-2.02043994E9
1.0882807E9
6.5970432E8
3.35271616E8
-2.09347674E9
9.5451424E7
-1.86705152E9
1.96195034E9
-3.53884544E8
-8.5761485E8
3.6365472E8
-3.97890848E8
-1.00400998E9
-1.68701069E9
1.83510822E9
1.97682176E9
-1.2847287E9
-1.82398182E9
1.66339891E9
3.84328928E8
-6.7287373E8
-3.7870416E8
-1.47960512E9
1.41691661E9
-1.21357555E9
-1.11966758E9
3.7117344E8
7.9638451E8
-3.52716064E8
2.09425344E9
-7.8657178E8
-5.8187962E8
-1.31001574E9
2.27154896E8
1.07575552E9
1.92090253E9
-8.8661222E8
1.60895539E9
7.2834176E7
5.7712992E8
-3.5777248E8
1.08248616E8
2.02164851E9
-1.44792973E9
-1.21424616E8
5.12669632E8
-7.7864595E8
1.99705626E9
-1.56774426E9
2.06067584E9
1.50028352E9
1.67188544E9
-9.0723258E8
-7.1629306E8
-1.78592614E9
1.05590701E9
-1.99328218E9
-1.99056934E9
8.1560883E8
2.26378128E8
-7.18052E7
1.14833357E9
-1.36566554E9
-5.01233632E8
-1.69272864E8
2.02162752E9
-2.88840352E8
1.70133888E9
-1.46383757E9
2.07421504E9
7.7108576E8
-7.3115024E7
-1.50616576E9
-4.16227488E8
5.6776544E8
-1.99601434E9
1.60636058E9
1.41252006E9
9.5054515E8
-4.47649568E8
2.10433651E9
1.28853798E9
1.86589094E9
1.92985613E9
2887098.0
-1.69730573E9
1.22875238E9
3.85389024E8
5.34025472E8
-7.8549344E8
-1.79676326E9
3.27089984E8
3.67768288E8
2.07398938E9
-3.94334272E8
1.8082167E9
1.2655991E9
4.65286368E8
1.89749312E9
1.32381658E9
-1.46652096E9
2.10324992E9
1.08444621E9
1.15332979E9
2.13210496E9
-6.9070458E8
-2.43487504E8
3.98581088E8
-7.0556218E8
4.66250624E8
5.9864653E8
-1.41825203E9
-6.6514131E8
1.2588288E9
3.452648E8
-2.02659021E9
4.45116928E8
-6.3529069E8
-1.15757402E9
2.12105248E8
2.6468096E8
-1.5453961E9
1.48770163E9
1.36310694E9
-5.6132358E8
2.04726438E9
4.57838144E8
-5.7007219E8
5.7238086E8
6.4309037E8
2.23058592E8
8.2689331E8
-1.20090829E9
-5.8997869E8
1.70072819E9
-2.01788352E9
-2.06683776E9
-5.5495699E8
-4.6628552E7
-1.98786432E8
-6.4083008E8
-1.37504208E8
-2.40648224E8
8.9189946E8
-1.16129254E9
3.42815296E8
-7.9793139E8
-1.79719002E9
1.1872384E9
7.660871E8
1.09285747E9
-9.7384915E8
-1.10269517E9
4.2880448E8
1.45374694E9
2.04417549E9
-8.9775027E8
1.38499123E9
3.39276736E8
-2.08172576E8
-7.7862856E7
-2.89668224E8
-1.54110054E9
1.07432435E9
3.99550848E8
-1.72079565E9
3.49208928E8
-4.57274752E8
-2.04218291E9
-2.0914409E9
-1.94318912E9
-1.4329792E9
6.591577E8
-1.40370253E9
-1.60368944E8
-7.476791E8
-8.0811309E8
1.27147456E9
-1.92618752E9
1.02070643E9
-1.34772851E9
9.9126042E8
-8.6669517E8
5.28831776E8
1.50008077E9
1.3461577E9
-1.2673239E9
-1.11534746E9
-1.99612582E9
1.58408602E9
-1.69833587E9
5.9009261E8
-7.8200922E8
-8.3889338E8
1.47739674E9
1.64231283E9
-4.39003328E8
1.20078054E9
-7.045424E8
1.66592486E9
-1.87932544E9
6.3678896E7
-9.5309101E8
-1.47852045E9
-1.86554611E9
-6.9195181E8
-1.76586726E9
1.10907059E9
-1.54609139E9
-9.481657E8
9.780448E8
-1.58686816E8
-9.188023E8
-5.8456365E8
-9.2403264E8
7.7620544E8
2.0955881E9
3.0076432E8
1.56849242E9
-1.93187056E8
-3.49557696E8
2.2175876E7
2.13275162E9
1.7000553E9
-8.8432294E8
-1.00583123E9
-9.1926362E8
6.0258586E8
-8.7763827E8
1.99780058E9
-5.01722656E8
-9.998009E8
1.46498266E9
-2.04114445E9
-1.64160192E9
-1.13137229E9
-1.7933943E9
-2.739052E7
-3.841432E8
-8.3501658E8
1.8608009E9
-9.009193E8
1.12228659E9
-3.40910752E8
-1.03774232E8
-4.25812288E8
6.2161338E8
3.5460672E7
6.5380312E7
-1.55017574E9
-2.22831376E8
-1.69907738E9
-9.3736371E8
6.4691392E8
1.83957594E9
-6.1285478E8
-1.10650765E9
1.69345574E9
1.72130701E9
-1.65122086E9
1.14775974E9
-2.25325472E8
7.5611232E8
1.43991859E9
3.16523424E8
-1.42826624E9
1.65012326E9
-1.32053389E9
8.4236934E8
-1.64410982E9
1.5409097E9
-1.65187149E9
-3.28549664E8
-9.8756192E8
1.49976896E9
7.9764432E7
5.4162515E8
-3.242772E7
-6.7714544E7
-1.44805261E9
-2.0178153E9
1.02703302E9
-1.34908877E9
4.83873024E8
1.58913344E9
-1.482084E8
1.23879072E8
-6.7490771E8
-9.0943616E7
-1.89400218E9
1.41248947E9
-9.7631974E8
2.541363E7
1.47373043E9
1.40047027E9
1.17816448E9
1.06841114E9
1.2824136E8
-1.78094733E9
1.81305664E9
1.96818714E9
-1.49853069E9
-5.35500864E8
-1.76324275E9
-1.08086157E9
5.6681562E8
4.0400992E8
-1.49919885E9
1.99993984E9
3.16068576E8
1.7146967E9
-1.5082352E8
1.97077904E8
-1.43099149E9
-1.0092176E9
-1.7032112E8
-1.27919219E9
1.22553984E9
-1.08200102E9
-9.7073619E8
-3.8949888E8
1.78920512E9
1.71124659E9
-1.19008858E9
-3.24556704E8
-1.99234138E9
-3.16155872E8
-9.4126704E7
-7.4500102E8
2.48057808E8
1.87547482E9
6.479968E8
1.2030423E9
-8.0091832E7
4.30749248E8
1.8077047E9
-4.53392832E8
-1.76687206E9
-1.55706752E8
-1.59109235E9
1.42603136E9
-3.53993024E8
-2.8787008E8
-2.06053069E9
1.44421683E9
-1.77829299E9
-1.57039027E9
5.03571584E8
1.83665869E9
1.19306022E9
-3.6709336E7
1.98216269E9
-2.75592288E8
8.3102797E8
-1.33909043E9
1.88624141E9
1.17942118E9
2.01467046E9
-9.9038419E8
-4.79464448E8
1.5516585E9
-5.9075898E8
-1.78189376E9
9.0129638E8
-1.22694472E8
1.69300787E9
3.3917936E8
1.11611763E9
-1.32348429E9
-2.08561754E9
3.54823264E8
-8.2771859E8
1.22630554E9
1.23688243E9
7.667664E8
2.13234829E9
1.9703488E9
-9.9869768E7
-9.8720256E8
1.25285683E9
-1.41000474E9
-7.6502202E8
1.03723352E8
1.17406131E9
7.0320333E8
1.08916838E9
7.4099149E8
1.77250112E9
1.63388531E9
-9.4000045E8
1.97155686E9
1.44160678E9
-1.93633114E9
1.87949363E9
-1.97490842E9
-5.12174336E8
7.4992392E7
-2.12930803E9
-5.022502E7
-2.11143014E9
-6.0503155E8
-6.7446086E8
1.52491136E9
-4.60161376E8
3.70866592E8
8.082281E8
1.10647592E8
-1.49106253E9
-2.03024176E8
1.05318579E9
1.70968691E9
2.13156352E9
1.58608717E9
4.73561216E8
6.2200851E8
-1.36923686E9
1.75937101E9
-2.1193264E8
-2.22801408E8
-1.06993696E9
2.08032678E9
-8.851776E8
-3.54622624E8
-4.997552E8
-1.27915213E9
-9.1831552E8
1.33988186E9
-8.2780038E8
-1.74302106E9
6.6773594E8
1.64459187E9
1.0475056E9
4.25794208E8
-797967.6
1.80774221E9
-1.84956784E8
1.50855184E8
-1.25175974E9
2.27067408E8
5.33710912E8
9.1736339E8
2.11641357E9
-1.40711706E9
1.84662925E9
-1.77476403E9
-1.1241088E8
-1.59399795E9
-1.34853235E9
4.402126E7
-1.00466534E9
-1.96166131E9
9.3079264E8
8.8933018E8
1.48152294E9
1.22947904E9
-1.3843721E9
-1.51354432E9
1.96561805E9
-1.04647194E9
2.03103718E9
1.38246464E9
-8.8145395E8
1.97827891E9
-9.8047341E8
-1.09216973E9
1.58978918E9
-2.44797504E8
5.5685216E8
7.586487E8
-1.23069296E8
-1.87953408E9
1.97251328E9
-1.96373171E9
1.91515942E9
-8.0722989E8
7.5800723E8
1.42724518E9
1.84325939E9
-2.524284E8
-1.6209431E9
-2.92755744E8
9.9556256E8
-8.2167206E8
-1.24797786E9
5.1615568E8
-1.33165912E8
-1.19178624E9
1.27579571E9
-1.91809408E9
-2.051628E7
5.4597056E8
1.05295014E9
-1.04331117E9
1.36636109E9
-6.551271E8
-8.3067898E8
-1.67237696E8
-8.5117152E8
-1.17374234E9
-4.473908E7
-5.7165709E8
-1.40367539E9
-1.02311526E9
1.76805888E9
1.60424973E9
-1.94941747E9
-1.31457907E9
-1.20472346E9
1.52131213E9
-2.20791792E8
-1.20813107E9
-6.7487443E8
-1.3720128E9
5.9390899E8
-4.6948032E8
-1.34555968E9
-2.89525216E8
-3.14430336E8
-1.76584845E9
-1.66976602E9
7.7039046E8
-8.8767603E8
1.43949504E9
2.08851558E9
5.26566624E8
-4.7439888E8
1.72847834E9
-9.3223635E8
-6.8736736E7
-1.53146445E9
7.3648986E8
6.1886694E8
8.7393242E8
-1.18017293E9
-1.76707635E9
-5.882038E7
7.3999411E8
-1.28905395E9
1.73052915E9
-9.7182522E8
1.83744998E9
-2.02496336E8
9.3903856E7
-9.524352E8
-2.08938586E9
-2.02822938E9
-9.1829203E8
1.212334E8
-9.0245299E8
-1.79717645E9
-1.98224576E9
6.0142682E8
2.31801376E8
-5.789152E8
1.78098906E9
9.8830445E8
-9.6219258E8
9.9876998E8
-1.96938688E9
-8.8414688E8
-3.05475584E8
-7.8335136E8
-1.91378534E9
-2.1428361E9
-7.7699782E8
2.10876557E9
-1.37480653E9
1.02504218E9
-2.07794125E9
8.1103635E8
1.0276375E9
1.85866688E9
-1.58699725E9
1.13784864E8
1.53055667E9
-5.12079776E8
1.93589274E9
-1.17709512E8
-8.644996E7
-6.8462918E8
8.0348518E8
-1.61840461E9
-2.367906E7
1.79370854E9
3.31141312E8
8.9077592E7
-1.30389722E9
-3.19171584E8
-3.60047104E8
-4.53626048E8
-1.7990848E9
-1.4575712E9
-1.56597965E9
1.8445783E9
-1.52056589E9
-1.15030925E9
-1.9820791E9
5.23329504E8
-5.676152E7
1.41001536E9
-6.6156621E8
1.03170157E9
-1.36251098E9
5.7196762E8
4.51018464E8
1.5284727E9
-1.54945264E8
-2.43727776E8
-1.77100966E9
-1.55171802E9
-1.4461399E9
-1.27231552E9
-2.2874768E7
-1.5462153E9
-2.04488896E9
-5.9904794E8
2.08428096E8
-1.96402896E8
8.0743898E8
-1.08662067E9
1.2270136E8
-7.350792E7
-1.71019123E9
-1.60201421E9
2.9679632E8
1.7616503E9
6.7672698E8
1.83507482E9
1.71254554E9
2.10519552E9
-2.00685056E9
1.40137664E9
1.69611149E9
-1.0426775E9
-7.9845914E8
1.86883994E9
-8.1131635E8
-4.7307072E8
-5.03439616E8
1.28092339E9
8.9634202E8
-1.57046912E9
1.5506048E8
-6.0658016E8
4.20755264E8
-1.9832576E9
-1.69226266E9
-1.54883584E9
-1.62281485E9
-1.1048521E9
-1.45522048E9
-1.31984032E8
-1.85455386E9
-5.32767616E8
1.41963072E9
8.0717203E8
-9.7597702E8
-1.30727117E9
-2.05599168E9
1.89196211E9
-2.00821235E9
9.4500768E8
-7.8567987E8
1.18766861E9
-8.870167E8
-1.24633485E9
-1.31803725E9
5.122064E8
-1.00754931E9
-1.18924454E9
1.19255104E9
1.70057472E9
8.6508301E8
6.1767616E8
8.127001E8
-7.0041978E8
6.4261312E8
1.32802842E9
1.26886925E9
2.35473808E8
7.9913184E8
1.09079462E9
-2.3098728E8
-3.79687808E8
1.63770765E9
1.73400256E9
-1.96254502E9
-1.96248602E9
-5.6512339E8
1.89186714E9
-2.14026368E9
-3.10484288E8
1.78100365E9
1.35638016E9
1.5572224E9
4.7057868E7
-6.4535469E8
-1.35130253E9
8.3437229E8
4.29872736E8
1.15819456E9
8.6810176E8
-1.97872269E9
1.12130931E9
1.16618906E9
-6.5926912E8
3.01065248E8
1.30547264E8
-2.76724064E8
-1.52897984E9
1.20130266E9
-3.56168672E8
7.228199E8
-1.5075E8
-2.86739424E8
-2.31779744E8
1.56827008E9
1.4569286E7
2.08637619E9
7.7649677E8
4.73818016E8
-1.00026778E9
5.9850982E8
-1.82490522E9
-1.16064888E8
-4.80343392E8
-3.95741952E8
9.3918042E8
2.39906E7
4.28624576E8
-8.6371731E8
-1.47850061E9
-1.60154483E9
1.09021542E9
-1.48834637E9
1.41103194E9
1.96985574E9
5.19691552E8
1.28726544E8
-1.27034227E9
-6.2637856E8
-4.46698592E8
-7.2505152E8
1.84483776E9
1.15317478E9
-1.33017331E9
-9.4216128E8
3.13760672E8
-5.7518074E8
1.48886566E9
-7.8614931E8
3.90299616E8
2.09829478E9
-1.93353306E9
-2.0319168E9
-2.06346573E9
2.60143568E8
2.05232205E9
-1.09869811E9
1.15512064E9
-1.34486592E8
-1.85304666E9
-6.6680858E8
2.03678285E9
-6.5588019E8
1.87667482E9
1.4586519E9
6.7884768E8
1.94510758E9
-1.99978829E9
1.9464073E9
-2.16041984E8
3.6877768E7
-4.68737152E8
6.6044986E8
3.276464E8
4.95049056E8
-1.19674291E9
-7.2791142E8
-1.87510758E9
1.35725286E9
-2.5824872E8
-1.85686054E9
4.55655552E8
-5.00354272E8
-1.14141248E9
-3.57753024E8
1.97644198E9
-8.8913389E8
2.04917235E9
-1.30225165E9
1.23777843E9
8.7170376E7
-2.66322208E8
-1.14955469E9
6.7950952E7
-6.9131789E8
9.2712006E8
1.97109504E9
-2.02823552E9
9.1125414E8
5.01136608E8
-1.35277504E8
3.40014112E8
1.77217997E9
3.62449632E8
-1.61508736E9
5.7797008E7
-6.471561E8
-5.3846029E8
-1.15459802E9
7.1498131E8
-1.68798566E9
8.4542285E8
-1.62322662E9
-5.4676442E8
1.16442957E9
-1.32338534E9
-1.45725363E9
1.98122778E9
1.0647584E9
6.3907117E8
1.07711757E9
