2.21792308722860154191e+00
3.61520102811055377146e+00
4.72908182259934939395e+00
2.50745357103237509477e+00
1.55663377402196489996e+00
2.98723762391648994807e+00
4.57828103485915516302e+00
3.33478646742700668426e+00
2.38560528044596376063e+00
2.98255040670139459635e+00
7.10541088506211337972e-01
1.04724278093548117674e+00
3.48570392150275942811e+00
7.99057100315779811339e-01
2.79127904187645103917e+00
1.07486524117660686706e+00
2.28962014887099218896e+00
2.10699380106882383501e+00
2.96133631301787048073e-02
2.81059884334862841726e+00
2.37886229646752855871e+00
2.00480728140830510853e+00
1.54846151523098995995e+00
2.93247118437509612932e-01
2.89406545330396358651e+00
4.94646952957116070593e+00
1.65124622735251747052e+00
9.18379537645523935652e-01
1.01378398044306816672e+00
1.67992309052685806492e-01
4.44513123840809853959e+00
4.18456514353733588507e+00
4.14437879053971869325e+00
1.64008819442819087087e+00
1.26927243667259048721e+00
4.04801859706350342094e+00
9.25192300065513784091e-02
1.29253809686737941576e-01
2.41371133902739121169e-01
2.71500310331901362204e-01
4.93963705748147674512e+00
2.80794660199648493659e+00
3.04632235551584251709e+00
1.94443772635526501702e+00
3.33472956507669282544e+00
4.38050898494919493942e+00
4.46348700043874480059e+00
3.97421958030686139907e+00
2.91309758696733389627e+00
1.47071217525498676437e+00
3.59913948010762574370e+00
2.00385572440263004523e+00
3.96927456277824886044e+00
3.72111986277166018056e-01
1.96649504877594027974e+00
2.98917357119548565692e+00
3.38323857953594098191e+00
3.22106054201042013574e+00
3.72304277936756911060e-01
1.34645122854567755866e+00
3.00608485616825937825e+00
8.71563036996980677884e-03
4.69614311931629480057e+00
4.09312843918824498246e+00
3.20865170294686219421e+00
2.06768738752439951156e+00
2.30002268525465769500e+00
9.94315468473039310027e-02
3.06350512017755516325e+00
4.67115481160545531480e+00
1.21776453186129174355e+00
4.81191377389129115727e+00
4.67572181253078777985e+00
4.31510426729101670418e+00
1.32565770299090779361e+00
1.57739276927706173481e+00
3.79809464500459714742e+00
2.91530902059976693153e+00
1.03717455598728136579e+00
4.81450957982982874483e-01
6.73300786376057613936e-01
8.29285877248544522899e-01
1.18002578014992476341e+00
4.60141296327251581033e+00
3.86104166442858165453e+00
1.66819049304943956002e+00
1.35771703234940477323e+00
2.26621579730876376857e+00
1.08059184137569985751e-01
2.92261826111935851813e+00
4.77059275196296361798e+00
4.63803506242395346959e+00
1.58492656187477654051e+00
4.93910518295935663247e+00
1.66662034460608898812e+00
2.99781358140765430420e+00
2.08750183104325159889e+00
7.32953115456136394812e-02
5.84453573267906811850e-01
2.86865317879080983232e+00
